93: [0] [[]]
96: [0] [[0.2525278329849243]]
97: [0] [[0.004126906394958496]]
101: [0] [[0.23139947652816772]]
102: [0] [[0.0013031363487243652]]
103: [0] [[0.11763131618499756]]
104: [0] [[0.10237157344818115]]
105: [0] [[0.0011881589889526367]]
106: [0] [[0.13537120819091797]]
107: [0] [[0.0008588433265686035]]
108: [0] [[0.1597554087638855]]
109: [0] [[0.015247881412506104]]
110: [0] [[0.0]]
111: [0] [[0.18453192710876465]]
112: [0] [[0.14235591888427734]]
113: [0] [[0.1807228922843933]]
114: [0] [[0.08276963233947754]]
115: [0] [[0.0]]
116: [1, 0] [[0.6135035455226898], [0.15966331958770752, 0.7516379952430725]]
117: [1, 0] [[0.6460646390914917, 0.06473428010940552], [0.00800257921218872, 0.62856724858284]]
118: [1, 0] [[0.6465547680854797, 0.24004411697387695], [0.1353946328163147, 0.6772587895393372]]
119: [1, 0] [[0.7628941684961319, 0.03652775287628174], [0.019313037395477295, 0.7694986164569855]]
120: [1, 0] [[0.7694986164569855, 0.0], [0.0, 0.7694986164569855]]
121: [1, 0] [[0.6566641926765442, 0.19036269187927246], [0.14795178174972534, 0.7057190835475922]]
122: [1, 0] [[0.764772355556488, 0.08239346742630005], [0.032970428466796875, 0.7562659680843353]]
123: [1, 0] [[0.8100520372390747, 0.2620643973350525], [0.24140560626983643, 0.7368442416191101]]
124: [1, 0] [[0.7421447932720184, 0.3180086612701416], [0.0016210079193115234, 0.7454578876495361]]
125: [1, 0] [[0.6986618340015411, 0.05215561389923096], [0.0, 0.6986618340015411]]
126: [1, 0] [[0.641889214515686, 0.32224106788635254], [0.46292489767074585, 0.5893149971961975]]
127: [1, 0] [[0.7880945205688477, 0.2238560914993286], [9.357929229736328e-06, 0.7887813746929169]]
128: [2, 1, 0] [[1.1225948333740234, 0.7950956076383591], [0.534826010465622, 0.3323487639427185, 0.9059338420629501], [0.24636578559875488, 0.5813372731208801, 1.1358502954244614]]
129: [2, 1, 0] [[1.1358502954244614, 0.9059338420629501, 0.0], [0.588537871837616, 0.0002237558364868164, 0.9065594524145126], [0.0, 0.588537871837616, 1.1358502954244614]]
130: [2, 1, 0] [[1.1358502954244614, 0.9065594524145126, 0.0], [0.5608130395412445, 0.18571263551712036, 0.7977036535739899], [0.0, 0.5608130395412445, 1.1358502954244614]]
131: [2, 1, 0] [[1.229594573378563, 0.782884418964386, 0.13495677709579468], [0.6146131455898285, 0.10441815853118896, 0.6972842216491699], [0.3928210139274597, 0.5989102125167847, 0.9570087902247906]]
132: [2, 1, 0] [[0.9478352516889572, 0.6489906907081604, 0.08668851852416992], [0.629976898431778, 0.06474894285202026, 0.7367667257785797], [0.0, 0.629976898431778, 0.9478352516889572]]
133: [1, 2, 0] [[0.5064588785171509, 0.35051435232162476, 0.8925800770521164], [0.8298747837543488, 0.9750779774039984, 0.2317565679550171], [0.19943219423294067, 0.44227588176727295, 0.8831187039613724]]
134: [1, 2, 0] [[0.4799218773841858, 0.07495558261871338, 0.996269017457962], [0.8665130138397217, 0.9838801641017199, 0.0011615753173828125], [0.12569963932037354, 0.5786617398262024, 0.941613219678402]]
135: [1, 2, 0] [[0.4886351227760315, 0.09433889389038086, 0.90245521068573], [0.94183699041605, 0.9074239730834961, 0.00014716386795043945], [0.0, 0.4886351227760315, 0.94183699041605]]
136: [1, 2, 0] [[0.5749985575675964, 0.21184653043746948, 1.0102370409294963], [0.9934029914438725, 1.011221137829125, 0.13542520999908447], [0.14109671115875244, 0.7167666554450989, 1.0480108223855495]]
137: [2, 1, 0] [[1.1083182245492935, 0.9825020357966423, 0.1793263554573059], [0.7120498716831207, 0.07002472877502441, 0.8343702554702759], [0.07914221286773682, 0.5232664346694946, 1.1070335656404495]]
138: [1, 0] [[0.5854643881320953, 0.2726026177406311, 0.9168847948312759], [0.4832894206047058, 0.9091411232948303, 0.8492452502250671]]
139: [1, 0] [[0.8673213571310043, 0.013228833675384521, 0.907213531434536], [0.004801332950592041, 0.8682760745286942, 0.8670195490121841]]
140: [1, 0] [[0.855692908167839, 0.00659024715423584, 0.9147010669112206], [0.0, 0.855692908167839, 0.8670195490121841]]
141: [1, 2, 0] [[0.959827296435833, 0.24060624837875366, 0.86881123483181], [0.6481809616088867, 0.7927528321743011, 0.4855000376701355], [0.474417507648468, 0.7213399410247803, 1.0000544022768736]]
142: [1, 2, 0] [[0.7613287568092346, 0.016284286975860596, 0.8188086152076721], [1.0516617521643639, 0.8573066294193268, 0.032106876373291016], [0.10766011476516724, 0.8259911090135574, 0.9261653274297714]]
143: [1, 2, 0] [[0.8247063606977463, 0.05429863929748535, 0.8911755457520485], [0.8447174429893494, 0.746562272310257, 0.16910117864608765], [0.4502366781234741, 0.8739065378904343, 0.9435696713626385]]
144: [1, 2, 0] [[0.7679636031389236, 0.11731010675430298, 0.7319735586643219], [0.9526639170944691, 0.7442441582679749, 0.0020273923873901367], [0.04130983352661133, 0.7745330184698105, 0.8949105590581894]]
145: [1, 2, 0] [[0.7745330184698105, 0.0, 0.7442441582679749], [0.8949105590581894, 0.7442441582679749, 0.0], [0.00797569751739502, 0.7979834228754044, 0.8693196475505829]]
146: [1, 2, 0] [[0.7147123515605927, 0.2848999500274658, 0.7393839955329895], [0.866131067276001, 0.779286116361618, 0.1576305627822876], [0.12768012285232544, 0.670691728591919, 0.9324862882494926]]
147: [1, 2, 0] [[0.6989001929759979, 0.28925400972366333, 0.8869396895170212], [0.9282573089003563, 0.8932182863354683, 0.0031282901763916016], [0.02160412073135376, 0.6717684864997864, 0.9443965926766396]]
148: [1, 2, 0] [[0.674147367477417, 0.16259992122650146, 0.8870149850845337], [1.0811522752046585, 0.9036474004387856, 0.2887996435165405], [0.4499781131744385, 0.7636490762233734, 0.6795693933963776]]
149: [1, 2, 0] [[0.7373545467853546, 0.03126025199890137, 0.8564953058958054], [0.6784578263759613, 0.8455944210290909, 0.011294066905975342], [2.5033950805664062e-06, 0.7376684546470642, 0.67827108502388]]
150: [1, 2, 0] [[0.7159216105937958, 0.006012558937072754, 0.8528832048177719], [0.6575365364551544, 0.8907667472958565, 0.022820115089416504], [0.00015032291412353516, 0.7115909159183502, 0.658227264881134]]
151: [1, 2, 3] [[0.7002128660678864, 0.06195855140686035, 0.8696826696395874], [0.6888073980808258, 0.8911545500159264, 0.08136940002441406], [0.589898556470871, 0.8270327001810074, 1.1768434643745422]]
152: [1, 2, 3] [[0.7747992128133774, 0.07071572542190552, 0.821008175611496, 0.9962031207978725], [0.689418613910675, 0.8210074007511139, 2.467632293701172e-05, 1.1766559183597565], [0.6054073572158813, 1.000556569546461, 1.1589437425136566, 0.018488645553588867]]
153: [1, 2, 3] [[0.707305520772934, 0.15153294801712036, 0.9622704982757568, 0.8377225250005722], [0.8404043465852737, 0.923815555870533, 0.17051714658737183, 1.218960389494896], [0.5833841860294342, 0.7459852993488312, 1.204752266407013, 0.3216102123260498]]
154: [1, 2, 3] [[0.714500904083252, 0.006390750408172607, 0.943997897207737, 0.7280716001987457], [1.0283750910311937, 0.9128145277500153, 0.19035303592681885, 1.214715838432312], [0.5704387426376343, 0.711836963891983, 1.204069510102272, 0.00265580415725708]]
155: [1, 2, 3] [[0.7282710373401642, 0.07002943754196167, 0.8719094842672348, 0.7341404855251312], [1.0283750910311937, 0.8719094842672348, 0.0, 1.204069510102272], [0.5694574415683746, 0.7294881045818329, 1.2028800547122955, 0.00025212764739990234]]
156: [1, 2, 3] [[0.8023216277360916, 0.16211003065109253, 0.8098466694355011, 0.867965042591095], [1.0070089478977025, 0.7312834560871124, 0.2587085962295532, 1.147310346364975], [0.5640723407268524, 0.7938181310892105, 1.0801243036985397, 0.22635191679000854]]
157: [1, 2, 3] [[0.8753712326288223, 0.09938597679138184, 0.6457253992557526, 0.8601008951663971], [0.9606414176523685, 0.6765089333057404, 0.08229893445968628, 1.0965636372566223], [0.5633305311203003, 0.8331053853034973, 1.0981182977557182, 0.013344347476959229]]
158: [1, 2, 3] [[0.9583648927509785, 0.27229148149490356, 0.7799560278654099, 0.8695073425769806], [0.8249209076166153, 0.7780666500329971, 0.3140065670013428, 0.9722053166478872], [0.8288213312625885, 0.8891877382993698, 1.052722305059433, 0.15543019771575928]]
159: [1, 2, 3] [[0.8879764825105667, 0.03374791145324707, 0.8418929278850555, 0.8764825835824013], [0.882020577788353, 0.6978903114795685, 0.26222753524780273, 1.0681795626878738], [0.8382627964019775, 0.8614075779914856, 1.0710337981581688, 0.005662739276885986]]
160: [1, 2, 3] [[0.8499997854232788, 0.26586949825286865, 0.5824542045593262, 0.7993008196353912], [0.882020577788353, 0.5824542045593262, 0.0, 1.0710337981581688], [0.8382627964019775, 0.7993008196353912, 1.0710337981581688, 0.0]]
161: [1, 2, 3] [[0.9638379998505116, 0.37938475608825684, 0.7464380860328674, 0.7260591983795166], [0.8071698248386383, 0.8187270164489746, 0.1379702091217041, 1.1229544132947922], [0.9309358522295952, 0.8766005486249924, 1.092757523059845, 0.16634875535964966]]
162: [1, 2, 3] [[0.9061400592327118, 0.10702860355377197, 0.7222976982593536, 0.7638547122478485], [0.840069130063057, 0.7198857069015503, 0.03663712739944458, 1.0679893791675568], [0.9309358522295952, 0.7638547122478485, 1.0679893791675568, 0.0]]
163: [1, 2, 3] [[0.8141357451677322, 0.08266597986221313, 0.6660913527011871, 0.7571548223495483], [0.8955544978380203, 0.7398788034915924, 0.11933571100234985, 1.1646661162376404], [0.8556357473134995, 0.6770534515380859, 1.059209130704403, 0.16406911611557007]]
164: [1, 2, 3] [[0.7626195102930069, 0.10328537225723267, 0.760114774107933, 0.6802074313163757], [0.9642315357923508, 0.696493536233902, 0.048547983169555664, 0.9765067733824253], [0.8592270165681839, 0.6685281991958618, 0.9817803744226694, 0.03555440902709961]]
165: [1, 2, 3] [[0.8477922677993774, 0.12109386920928955, 0.6272564828395844, 0.7688214182853699], [0.9706278350204229, 0.5766067802906036, 0.06201303005218506, 0.9883916741237044], [0.8592890501022339, 0.7686940431594849, 0.987739784643054, 1.0132789611816406e-05]]
166: [1, 2, 3] [[1.0127621786668897, 0.3870769739151001, 0.7579205185174942, 0.894737496972084], [1.00384408258833, 0.8508270680904388, 0.18479561805725098, 1.0525081269443035], [0.7612421959638596, 0.919479988515377, 1.0578666105866432, 0.10515660047531128]]
167: [1, 2, 3] [[0.902040384709835, 0.1484498381614685, 0.9812798127532005, 0.9188131541013718], [1.003435515332967, 0.9853630596771836, 0.003291487693786621, 1.0582033209502697], [0.7531979233026505, 0.9097640216350555, 1.0535411164164543, 0.002137303352355957]]
168: [1, 2, 3] [[0.6331343352794647, 0.4710315465927124, 0.9120610356330872, 0.6189665794372559], [0.9437787383794785, 0.8251488208770752, 0.1198931336402893, 0.963181596249342], [0.7117952704429626, 0.6141915321350098, 0.9995455070747994, 0.10975021123886108]]
169: [1, 2, 3] [[0.6593162715435028, 0.07479667663574219, 0.7768182754516602, 0.6639129519462585], [0.9240586161613464, 0.7555556744337082, 0.011140644550323486, 1.000315688579576], [0.5965877175331116, 0.6160135567188263, 0.9794728346168995, 0.30066871643066406]]
170: [1, 2, 3] [[0.8031809329986572, 0.22924906015396118, 0.739410400390625, 0.811666414141655], [0.9240586161613464, 0.739410400390625, 0.0, 0.9794728346168995], [0.5473481118679047, 0.7819483429193497, 0.976975966244936, 0.24030441045761108]]
171: [1, 2, 3] [[0.7295601665973663, 0.19372808933258057, 0.6730212569236755, 0.5872787833213806], [0.9505343548953533, 0.7414427697658539, 0.1657024621963501, 1.1239111348986626], [0.6192854940891266, 0.6903253495693207, 1.098595343530178, 0.08972609043121338]]
172: [1, 2, 3] [[0.659064382314682, 0.04312849044799805, 0.8464145213365555, 0.6603600382804871], [0.9379408396780491, 0.898210234940052, 0.03237605094909668, 1.0929130390286446], [0.6133411526679993, 0.6605664491653442, 1.0957623794674873, 0.0007701516151428223]]
173: [2, 1, 3] [[0.9400308765470982, 0.863733634352684, 0.06949830055236816, 1.1374861001968384], [0.6239301562309265, 0.18833690881729126, 0.7634600400924683, 0.7345199286937714], [0.7396737635135651, 0.7107648551464081, 1.1913615018129349, 0.2510640621185303]]
174: [1, 2, 3] [[0.6999717950820923, 0.047393798828125, 0.7226151823997498, 0.7197235524654388], [0.9420776925981045, 0.7765513509511948, 0.03025496006011963, 1.1940262764692307], [0.7396319210529327, 0.719615638256073, 1.1929457783699036, 0.0001285076141357422]]
175: [1, 2, 3] [[0.6633652150630951, 0.058166325092315674, 0.7889215350151062, 0.7163904905319214], [0.9472565278410912, 0.7972177118062973, 0.0007346272468566895, 1.194857895374298], [0.7387816607952118, 0.7150166630744934, 1.1954035460948944, 5.996227264404297e-05]]
176: [1, 2, 3] [[0.6183767020702362, 0.06377023458480835, 0.7569762170314789, 0.7853758633136749], [0.9339608252048492, 0.6863877773284912, 0.09008121490478516, 1.1157003417611122], [0.6972547471523285, 0.6725385785102844, 1.1096941083669662, 0.20950555801391602]]
177: [1, 2, 3] [[0.618925005197525, 0.03540658950805664, 0.5719985961914062, 0.7292926907539368], [0.9977858408819884, 0.5340584814548492, 0.2181890606880188, 1.0333544537425041], [0.652121514081955, 0.739586591720581, 1.0393854193389416, 0.014862000942230225]]
178: [1, 2, 3] [[0.5723242461681366, 0.14077383279800415, 0.6188444793224335, 0.5849817395210266], [1.0113832270726562, 0.7795463353395462, 0.12234807014465332, 1.0984709411859512], [0.732077419757843, 0.855353519320488, 1.1104792580008507, 0.3499974012374878]]
179: [1, 2, 3] [[0.5484682321548462, 0.06652098894119263, 0.702879011631012, 0.8985663950443268], [1.0223987959325314, 0.7336577773094177, 0.06742584705352783, 1.2336171567440033], [0.6768020987510681, 0.8648654818534851, 1.2462137788534164, 0.009509265422821045]]
180: [1, 2, 3] [[0.5746654570102692, 0.07214319705963135, 0.7839247584342957, 0.8414842486381531], [1.0031479629687965, 0.6068005859851837, 0.12288546562194824, 1.144300416111946], [0.6638246774673462, 0.8531716614961624, 1.1431054323911667, 0.012112021446228027]]
181: [1, 2, 3] [[0.44216084480285645, 0.1023169755935669, 0.606371134519577, 0.8353363126516342], [0.9563988149166107, 0.7768864780664444, 0.1944596767425537, 1.1344570815563202], [0.7347572147846222, 0.8145360797643661, 1.0687059834599495, 0.13955551385879517]]
182: [1, 2, 3] [[0.5361480712890625, 0.09378904104232788, 0.7378512918949127, 0.9030240401625633], [0.9572601467370987, 0.7345966994762421, 0.0011592507362365723, 1.06117619946599], [0.7213610708713531, 0.9847930343821645, 1.057407770305872, 0.03905671834945679]]
183: [1, 2, 3] [[0.631710022687912, 0.06704968214035034, 0.6713184118270874, 1.01566843688488], [0.9437849633395672, 0.5925673246383667, 0.1290363073348999, 1.0440552532672882], [0.7657053023576736, 1.0533193200826645, 1.1082143783569336, 0.07697689533233643]]
184: [1, 2, 3] [[0.5376817286014557, 0.045939862728118896, 0.5494118928909302, 1.024546379223466], [0.9443071000277996, 0.49678856134414673, 0.07860070466995239, 1.013320186175406], [0.7684834748506546, 1.0219469107687473, 0.9969624392688274, 0.0037966370582580566]]
185: [1, 2, 3] [[0.6208741068840027, 0.10063982009887695, 0.5763693451881409, 1.0513564869761467], [0.9409297294914722, 0.6051954925060272, 0.05813485383987427, 1.0697020515799522], [0.7829148918390274, 1.0914207473397255, 1.0711021274328232, 0.01228421926498413]]
186: [1, 2, 3] [[0.57174351811409, 0.11978477239608765, 0.5873996019363403, 1.0456989854574203], [1.0505906976759434, 0.7223186194896698, 0.09918040037155151, 1.2074831128120422], [0.8593537658452988, 1.045248121023178, 1.0933784916996956, 0.07378923892974854]]
187: [1, 2, 3] [[0.6033855080604553, 0.017388999462127686, 0.7462998032569885, 1.0516385324299335], [1.009589678607881, 0.647182434797287, 0.04610776901245117, 1.093176245689392], [0.8314910233020782, 1.0423702485859394, 1.1164842396974564, 0.01865983009338379]]
188: [1, 2, 3] [[0.6278888285160065, 0.14091235399246216, 0.5958034694194794, 1.0335458181798458], [0.9400258027017117, 0.6555904150009155, 0.17777037620544434, 1.26784148812294], [0.8806693181395531, 1.0587462782859802, 1.2360069751739502, 0.20950543880462646]]
189: [1, 2, 3] [[0.6984943747520447, 0.06791865825653076, 0.7130574285984039, 1.0716575980186462], [0.9167327359318733, 0.61910480260849, 0.03512835502624512, 1.1812788248062134], [0.8518765866756439, 1.0434846878051758, 1.1746943145990372, 0.00825655460357666]]
190: [1, 2, 3] [[0.7008134722709656, 0.02509671449661255, 0.7144519686698914, 1.004997119307518], [0.922739140689373, 0.7468272745609283, 0.020399034023284912, 1.212457150220871], [0.8176143765449524, 1.0145274735987186, 1.2380024790763855, 0.027833163738250732]]
191: [1, 2, 3] [[0.6573919653892517, 0.02323615550994873, 0.762498676776886, 0.9774842467159033], [0.9910055985674262, 0.7658133953809738, 0.08154523372650146, 1.0953654274344444], [0.7821807265281677, 1.0451527312397957, 1.1009365245699883, 0.1434834599494934]]
192: [1, 2, 3] [[0.6719110906124115, 0.01562643051147461, 0.7506769001483917, 1.0875304117798805], [1.01583718881011, 0.7144754528999329, 0.07473838329315186, 1.1344866752624512], [0.9340761750936508, 1.0937011316418648, 1.1395178586244583, 0.20149338245391846]]
193: [2, 3] [[1.0052083344198763, 0.8054679781198502, 0.10748010873794556, 1.0909190773963928], [0.735967755317688, 0.9447671584784985, 1.110686294734478, 0.23079955577850342]]
194: [2, 3] [[0.8393234610557556, 0.4026636481285095, 0.25586771965026855, 1.0224291868507862], [0.7633517533540726, 0.9112331792712212, 0.9855696903541684, 0.04639512300491333]]
195: [2, 3] [[0.8622867166996002, 0.48903948068618774, 0.01651090383529663, 1.03343241289258], [0.8073286563158035, 0.9216863512992859, 1.012505360879004, 0.0329706072807312]]
196: [1, 2, 3] [[0.7944991588592529, 0.11117380857467651, 0.35057663917541504, 0.9800998959690332], [0.8965793326497078, 0.36824119091033936, 0.06380492448806763, 1.0035785059444606], [0.7406929433345795, 0.9263173639774323, 0.9461738429963589, 0.23655670881271362]]
197: [1, 2, 3] [[0.7998057305812836, 0.0098227858543396, 0.3324248790740967, 0.9463491477072239], [1.0287796072661877, 0.656401664018631, 0.14032971858978271, 1.1157136112451553], [0.7369086146354675, 0.8680987358093262, 1.0645664259791374, 0.0580977201461792]]
198: [1, 2, 3] [[0.8369651287794113, 0.05803114175796509, 0.6627070009708405, 0.8088021129369736], [0.9046565741300583, 0.5306675136089325, 0.07555025815963745, 0.9342925325036049], [1.0148838926106691, 0.9546665921807289, 0.9823420401662588, 0.33533304929733276]]
199: [1, 2, 3] [[0.8115932494401932, 0.006647586822509766, 0.5578441917896271, 0.9472356103360653], [0.8799741789698601, 0.5247373878955841, 0.006145894527435303, 0.9694537501782179], [1.0062244865112007, 0.9588773623108864, 1.0032607840839773, 0.042263031005859375]]
200: [1, 2, 3] [[0.8115932494401932, 0.0, 0.5247373878955841, 0.9588773623108864], [0.877729244530201, 0.5258019864559174, 6.496906280517578e-05, 1.0019688254687935], [0.8641630709171295, 0.9091645181179047, 1.0447569750249386, 0.06128060817718506]]
201: [1, 2, 3] [[0.8849139660596848, 0.12628066539764404, 0.4884761571884155, 0.8965288028120995], [0.9013608694076538, 0.478509783744812, 0.16818326711654663, 1.0103559605777264], [0.8190918117761612, 0.8857286050915718, 0.9342071488499641, 0.19222503900527954]]
202: [1, 2, 3] [[0.9004155173897743, 0.012512683868408203, 0.4578893780708313, 0.9249646812677383], [0.9010413885116577, 0.4532209634780884, 0.000636756420135498, 0.9309743121266365], [0.7616412341594696, 0.8060179799795151, 0.9700823966413736, 0.22999918460845947]]
203: [1, 2, 3] [[0.8983545079827309, 0.039064645767211914, 0.49955224990844727, 0.8278957009315491], [0.8043674826622009, 0.364382266998291, 0.1931820511817932, 1.0434998534619808], [0.5527437329292297, 0.8049100786447525, 0.9528155624866486, 0.16680902242660522]]
204: [1, 2, 3] [[0.9002747759222984, 0.006566822528839111, 0.390974760055542, 0.817025437951088], [0.8312845528125763, 0.5891207456588745, 0.10308462381362915, 0.8997625932097435], [0.5806674361228943, 0.8307736068964005, 0.9421517252922058, 0.05660277605056763]]
205: [1, 2, 3] [[0.9007569029927254, 0.0014895796775817871, 0.6155491471290588, 0.822483703494072], [0.8312845528125763, 0.6155491471290588, 0.0, 0.9421517252922058], [0.5771211385726929, 0.8535228818655014, 0.9495533034205437, 0.03702998161315918]]
206: [1, 2, 3] [[0.9205917939543724, 0.05376166105270386, 0.5222541093826294, 0.8683706372976303], [0.7468488812446594, 0.36828792095184326, 0.145155668258667, 0.9684905596077442], [0.6474681496620178, 0.9488756693899632, 0.9858411494642496, 0.08209413290023804]]
207: [1, 2, 3] [[0.9248529225587845, 0.006268978118896484, 0.3732321262359619, 0.9576940126717091], [0.7489106059074402, 0.3145763874053955, 0.0513535737991333, 1.0171529054641724], [0.6109735667705536, 0.9198413342237473, 1.0218260418623686, 0.05701565742492676]]
208: [1, 2, 3] [[0.911132775247097, 0.05783867835998535, 0.364107608795166, 0.9265440180897713], [0.8640124797821045, 0.5194687843322754, 0.1408144235610962, 0.9911215398460627], [0.7807961404323578, 1.114430993795395, 1.1865724474191666, 0.29268205165863037]]
209: [1, 2, 3] [[0.8557605594396591, 0.018934249877929688, 0.5561711490154266, 1.1227105408906937], [0.8630397170782089, 0.5337767004966736, 0.016785860061645508, 1.2007927596569061], [0.6588843464851379, 0.9375027567148209, 1.228270411491394, 0.11862301826477051]]
210: [1, 2, 3] [[0.8493929803371429, 0.0005984306335449219, 0.530791848897934, 0.9379248358309269], [0.8707014620304108, 0.5409164130687714, 0.04533594846725464, 1.1762677729129791], [0.7578139454126358, 1.0196249671280384, 1.1875023394823074, 0.060342252254486084]]
211: [2, 3] [[0.8723340481519699, 0.5379179418087006, 0.05749911069869995, 1.250422179698944], [0.6743366420269012, 0.9706963300704956, 1.1895742267370224, 0.097908616065979]]
212: [1, 2, 3] [[0.9349172115325928, 0.2516290545463562, 0.6937481462955475, 0.7346900105476379], [0.8737879693508148, 0.6319279968738556, 0.016456425189971924, 1.1557653993368149], [0.7792901247739792, 0.8265487998723984, 1.2182076275348663, 0.04747152328491211]]
213: [1, 2, 3] [[0.9468594640493393, 0.1444106101989746, 0.45540475845336914, 1.0241390112787485], [0.8776701241731644, 0.5857685208320618, 0.04704415798187256, 1.3119269013404846], [0.6278224289417267, 0.8006288856267929, 1.2214788049459457, 0.1793811321258545]]
214: [1, 2, 3] [[0.9675488173961639, 0.0008817315101623535, 0.5878561437129974, 0.8096021264791489], [0.8878008499741554, 0.5865547358989716, 0.00583195686340332, 1.2113378643989563], [0.7287928462028503, 0.8468808382749557, 1.2838975191116333, 0.041131675243377686]]
215: [1, 2, 3] [[0.964423157274723, 0.000287473201751709, 0.5836317539215088, 0.8510322123765945], [0.8912814408540726, 0.5847612023353577, 0.0018651485443115234, 1.2930052876472473], [0.6370811462402344, 0.8385475724935532, 1.2927967309951782, 0.02768564224243164]]
216: [1, 2, 3] [[0.9600199945271015, 0.09208697080612183, 0.5998437404632568, 0.8295464813709259], [0.8283649235963821, 0.5587400197982788, 0.04745769500732422, 1.2718577980995178], [0.6179347336292267, 0.973405048251152, 1.2864211201667786, 0.059158146381378174]]
217: [1, 2, 3] [[0.9557987786829472, 0.00027424097061157227, 0.558495968580246, 0.9696491789072752], [0.788842111825943, 0.5450168550014496, 0.014725565910339355, 1.275837481021881], [0.6131783127784729, 0.9283381775021553, 1.2517083585262299, 0.03672754764556885]]
218: [1, 2, 3] [[0.9470201656222343, 0.04519015550613403, 0.5497109293937683, 0.8794903829693794], [0.7275288999080658, 0.6443422734737396, 0.0863943099975586, 1.203803911805153], [0.5851719677448273, 0.948034506291151, 1.19041708111763, 0.14654982089996338]]
219: [1, 2, 3] [[0.949831310659647, 0.0013450980186462402, 0.6464143991470337, 0.9471336752176285], [0.7672513723373413, 0.5772542655467987, 0.026214599609375, 1.2170221507549286], [0.5573965907096863, 0.9732349365949631, 1.2107564508914948, 0.022008180618286133]]
220: [1, 2, 3] [[0.9499039575457573, 5.960464477539062e-07, 0.5768566131591797, 0.9735048860311508], [0.8171840161085129, 0.5942581593990326, 0.008877873420715332, 1.248054325580597], [0.63994500041008, 0.8364196270704269, 1.2642124593257904, 0.07938671112060547]]
221: [1, 2, 3] [[0.9540072157979012, 0.12047028541564941, 0.613477349281311, 0.8775129169225693], [0.8088635802268982, 0.5700278580188751, 0.036509573459625244, 1.2420035600662231], [0.5916555225849152, 0.9302044957876205, 1.218246191740036, 0.13729435205459595]]
222: [1, 2, 3] [[0.9128943383693695, 0.16479289531707764, 0.6636735796928406, 0.8438902795314789], [0.8271048069000244, 0.6947923600673676, 0.026358842849731445, 1.2917439341545105], [0.6542072296142578, 0.8348255753517151, 1.3200038075447083, 0.07577866315841675]]
223: [1, 2, 3] [[1.0808574482798576, 0.214056134223938, 0.7880827188491821, 0.8986722379922867], [0.8317393809556961, 0.7483630478382111, 0.0553203821182251, 1.3102515935897827], [0.7637590169906616, 0.872249111533165, 1.2602951526641846, 0.23549103736877441]]
224: [1, 2, 3] [[1.0508899502456188, 0.01098412275314331, 0.7287229895591736, 0.8618138432502747], [0.8043681979179382, 0.6988785862922668, 0.008274674415588379, 1.2322387099266052], [0.7470894157886505, 0.8839667439460754, 1.2276996225118637, 0.035695672035217285]]
225: [1, 2, 3] [[1.050196260213852, 0.009491503238677979, 0.7116642892360687, 0.8590374141931534], [0.822722315788269, 0.7032332122325897, 0.007252395153045654, 1.2174427211284637], [0.7141196131706238, 0.8593390583992004, 1.2193416506052017, 0.02216094732284546]]
226: [1, 2, 3] [[0.9399967007339001, 0.1390014886856079, 0.498943030834198, 0.8716307878494263], [0.8034964948892593, 0.5402267873287201, 0.012537777423858643, 1.1872400790452957], [0.8455144464969635, 0.8886234387755394, 1.2367685586214066, 0.07990837097167969]]
227: [1, 2, 3] [[0.8766425624489784, 0.01770263910293579, 0.5471919775009155, 0.8442947119474411], [0.8049923181533813, 0.5225681364536285, 0.008489131927490234, 1.256982535123825], [0.8345960825681686, 0.7898946404457092, 1.2589747607707977, 0.04303574562072754]]
228: [1, 2, 3] [[0.9901023684069514, 0.06099820137023926, 0.571409285068512, 0.8412283807992935], [0.689482569694519, 0.5469101369380951, 0.07728153467178345, 1.2239564210176468], [0.8134540617465973, 0.7948543429374695, 1.256237119436264, 0.06657224893569946]]
229: [1, 2, 3] [[0.8603829890489578, 0.054793596267700195, 0.4505084753036499, 0.7861189544200897], [0.7494382560253143, 0.5376209020614624, 0.04230576753616333, 1.2652279436588287], [0.8151271790266037, 0.8094609379768372, 1.249732568860054, 0.01941704750061035]]
230: [1, 2, 3] [[0.8895442709326744, 0.007585287094116211, 0.5443646907806396, 0.8174642473459244], [0.6760184168815613, 0.3991970419883728, 0.07075560092926025, 1.1948019713163376], [0.7789690792560577, 0.8210838884115219, 1.2071106731891632, 0.018981516361236572]]
231: [1, 2, 3] [[0.8731837272644043, 0.03317701816558838, 0.4326797127723694, 0.7627807855606079], [0.7685860842466354, 0.619045615196228, 0.11183959245681763, 1.2792344987392426], [0.9397464208304882, 0.8764999508857727, 1.2096387445926666, 0.1573740839958191]]
232: [1, 2, 3] [[0.8550006747245789, 0.09355288743972778, 0.7131188809871674, 0.9455638341605663], [0.7870261520147324, 0.7134998142719269, 0.007403314113616943, 1.2019238322973251], [0.9232937917113304, 0.9089079424738884, 1.2530604600906372, 0.0763237476348877]]
233: [1, 2, 3] [[0.9435452744364738, 0.07226371765136719, 0.6999339163303375, 0.8699838668107986], [0.6902430355548859, 0.5312861502170563, 0.07359987497329712, 1.2092346101999283], [0.9278600364923477, 0.8762305229902267, 1.2155173569917679, 0.03180903196334839]]
234: [1, 2, 3] [[0.9953959840349853, 0.017441153526306152, 0.5710299611091614, 0.8590904325246811], [0.6793173849582672, 0.5998424589633942, 0.0093345046043396, 1.2090559154748917], [0.8878253102302551, 0.8495046049356461, 1.235475867986679, 0.02089405059814453]]
235: [1, 2, 3] [[0.9779963362962008, 0.011152148246765137, 0.5854678153991699, 0.8918555825948715], [0.6809925436973572, 0.6427876055240631, 0.004662811756134033, 1.2549984157085419], [0.929048627614975, 0.8652692884206772, 1.204154595732689, 0.03202635049819946]]
236: [1, 2, 3] [[0.8638790249824524, 0.08676499128341675, 0.536195307970047, 0.8734972923994064], [0.7549858242273331, 0.6187461614608765, 0.06799691915512085, 1.227686583995819], [0.9169872403144836, 0.8819268494844437, 1.212934672832489, 0.031048357486724854]]
237: [1, 2, 3] [[0.8751099854707718, 0.007252097129821777, 0.6337887346744537, 0.871799036860466], [0.7051571905612946, 0.6869260668754578, 0.02174478769302368, 1.200998067855835], [0.9434051662683487, 0.8454929292201996, 1.2044814825057983, 0.01960468292236328]]
238: [1, 2, 3] [[0.8704195916652679, 0.0844678282737732, 0.8150589019060135, 0.8664212226867676], [0.6799619793891907, 0.72573122382164, 0.032537996768951416, 1.187978446483612], [0.882652647793293, 0.8643613457679749, 1.1764839738607407, 0.03195464611053467]]
239: [1, 2, 3] [[0.8374268263578415, 0.0339435338973999, 0.6743521988391876, 0.8353928625583649], [0.7406025826931, 0.6890468001365662, 0.02775871753692627, 1.2147625088691711], [0.865437462925911, 0.7985772639513016, 1.2781955301761627, 0.056208908557891846]]
240: [1, 2, 3] [[0.8863334953784943, 0.06034505367279053, 0.8058831244707108, 0.7490511238574982], [0.7297712862491608, 0.8062157332897186, 0.003083944320678711, 1.2739181816577911], [0.873747855424881, 0.8374798893928528, 1.2414219081401825, 0.0366862416267395]]
241: [1, 2, 3] [[0.9351706355810165, 0.05420863628387451, 0.8362494260072708, 0.8056822121143341], [0.6855284869670868, 0.7494724094867706, 0.07173120975494385, 1.2386349737644196], [0.8462046831846237, 0.8076282292604446, 1.270846575498581, 0.06290537118911743]]
242: [1, 2, 3] [[0.9224565327167511, 0.009924232959747314, 0.7502298653125763, 0.8419257253408432], [0.6842638552188873, 0.7820636928081512, 0.013787508010864258, 1.2600846886634827], [0.8051414340734482, 0.8594582080841064, 1.1842433214187622, 0.07655525207519531]]
243: [1, 2, 3] [[0.9417509958148003, 0.011921346187591553, 0.7986542582511902, 0.8604122996330261], [0.7473088800907135, 0.8276568353176117, 0.05791175365447998, 1.2332417219877243], [0.8546868711709976, 0.8847854509949684, 1.2706338465213776, 0.052428483963012695]]
244: [1, 2, 3] [[0.9561160281300545, 0.009511411190032959, 0.8083094358444214, 0.9321012124419212], [0.7510624378919601, 0.7894203513860703, 0.0017138123512268066, 1.2638687789440155], [0.8495773077011108, 0.8626013100147247, 1.2508074045181274, 0.020724236965179443]]
245: [1, 2, 3] [[0.9191383048892021, 0.005014181137084961, 0.7682381123304367, 0.8568808883428574], [0.7148835361003876, 0.8206543475389481, 0.013166606426239014, 1.2716379165649414], [0.8383841961622238, 0.9077607989311218, 1.2844539880752563, 0.011536002159118652]]
246: [1, 2, 3] [[0.8502459228038788, 0.04815143346786499, 0.7340222299098969, 0.9488746337592602], [0.7561069428920746, 0.6502497494220734, 0.07927680015563965, 1.281486690044403], [0.861195832490921, 1.0196608137339354, 1.2583333849906921, 0.024248480796813965]]
247: [2, 1, 3] [[0.7272828817367554, 0.7078985869884491, 0.019081294536590576, 1.2740741670131683], [0.8687554150819778, 0.018079936504364014, 0.7451930046081543, 1.0122627429664135], [0.928357295691967, 1.0158391259610653, 1.2560041546821594, 0.034331560134887695]]
248: [1, 2, 3] [[0.965896911919117, 0.09916210174560547, 0.8106012493371964, 0.9339855909347534], [0.6451344788074493, 0.7781101167201996, 0.05780559778213501, 1.1437445133924484], [1.0038118206430227, 0.8734412491321564, 1.1198772341012955, 0.05941414833068848]]
249: [1, 2, 3] [[0.8858875185251236, 0.037590622901916504, 0.6589330732822418, 0.9079748168587685], [0.6490143835544586, 0.7030890583992004, 0.014155268669128418, 1.1464787721633911], [1.0511687211692333, 0.9561012238264084, 1.1555063426494598, 0.022608041763305664]]
250: [1, 2, 3] [[0.9470780417323112, 0.012156486511230469, 0.7248049378395081, 0.9628625698387623], [0.659094899892807, 0.664768397808075, 0.022548675537109375, 1.1367631703615189], [1.0334574729204178, 0.9541515447199345, 1.1403453201055527, 0.01029282808303833]]
251: [1, 2, 3] [[0.9604265913367271, 0.01403510570526123, 0.7163778841495514, 0.9475330747663975], [0.6968835890293121, 0.7117595374584198, 0.03712731599807739, 1.1841667741537094], [0.9354803785681725, 0.9774620067328215, 1.1829480528831482, 0.06580960750579834]]
252: [1, 2, 3] [[0.9380203597247601, 0.0062337517738342285, 0.6861512959003448, 0.9903980372473598], [0.7021872699260712, 0.6089977324008942, 0.019068658351898193, 1.1695477813482285], [0.7975277900695801, 0.9259398728609085, 1.1397117674350739, 0.07502925395965576]]
253: [1, 2, 3] [[0.9351949468255043, 0.05320167541503906, 0.6596271991729736, 0.9195676743984222], [0.7681662291288376, 0.5869746208190918, 0.04896277189254761, 1.1304124742746353], [1.076220341026783, 1.0071014324203134, 1.200796753168106, 0.14225727319717407]]
254: [1, 2, 3] [[0.9158550947904587, 0.008696138858795166, 0.5388471186161041, 1.00629921304062], [0.7937397807836533, 0.570030152797699, 0.011898696422576904, 1.2152260392904282], [1.092258207499981, 1.0232533570379019, 1.223925843834877, 0.0030649900436401367]]
255: [1, 2, 3] [[0.9700308218598366, 0.020101845264434814, 0.6297959983348846, 1.0039351768791676], [0.7246619164943695, 0.6682132482528687, 0.026748359203338623, 1.2077197581529617], [1.0283239874988794, 0.975274384021759, 1.1921625435352325, 0.011520326137542725]]
256: [1, 2, 3] [[0.8805014491081238, 0.07801520824432373, 0.5932765305042267, 0.9970405213534832], [0.8993522152304649, 0.6109936833381653, 0.3500593304634094, 1.152144804596901], [1.092071183025837, 1.0466732382774353, 1.1900622099637985, 0.1189032793045044]]
257: [1, 2, 3] [[0.8802945762872696, 0.00129014253616333, 0.6159221827983856, 1.0486951358616352], [0.938616368919611, 0.644983559846878, 0.01599973440170288, 1.2062905579805374], [1.105200581252575, 1.0398744121193886, 1.2232697010040283, 0.003179609775543213]]
258: [1, 2, 3] [[0.8996290639042854, 0.02054905891418457, 0.6381748914718628, 1.0593578219413757], [1.0075620040297508, 0.6537908315658569, 0.053229570388793945, 1.205808773636818], [1.0452328883111477, 0.9993740692734718, 1.2036257684230804, 0.032205283641815186]]
259: [1, 2, 3] [[0.8846225515007973, 0.0015916228294372559, 0.6609162986278534, 0.9966581016778946], [1.0390113815665245, 0.6718145310878754, 0.007822632789611816, 1.1885379999876022], [1.0030760380905122, 1.0038662292063236, 1.1784091740846634, 0.004960298538208008]]
260: [1, 2, 3] [[0.8733439594507217, 0.0038393735885620117, 0.6736001670360565, 0.997400376945734], [1.033344816416502, 0.6661910116672516, 0.0058092474937438965, 1.169307380914688], [0.999866666723392, 0.9964601658284664, 1.167917400598526, 0.0002193450927734375]]
261: [1, 2, 3] [[0.894560381770134, 0.00585329532623291, 0.6957321763038635, 0.978981290012598], [0.9681122452020645, 0.6863221824169159, 0.04634290933609009, 1.1661940664052963], [1.0274493023753166, 0.9187557771801949, 1.1245410591363907, 0.0473942756652832]]
262: [1, 2, 3] [[0.8870668709278107, 0.003371894359588623, 0.6867638230323792, 0.9202853441238403], [1.0020313935820013, 0.6926157176494598, 0.0035670995712280273, 1.1190405115485191], [1.0367038510739803, 0.9067816585302353, 1.1253255009651184, 0.0034688711166381836]]
263: [2, 1, 3] [[0.9771478548645973, 0.630903959274292, 0.08975183963775635, 1.1186388581991196], [0.8483756929636002, 0.0348963737487793, 0.5969536602497101, 0.9014761745929718], [1.0946251600980759, 1.018580548465252, 1.1247344985604286, 0.042381346225738525]]
264: [2, 1, 3] [[1.0257872268557549, 0.6512214541435242, 0.014522016048431396, 1.1227715089917183], [0.828167736530304, 0.007952570915222168, 0.6367505788803101, 0.9975952804088593], [1.0853200256824493, 0.9874286893755198, 1.116123028099537, 0.002600431442260742]]
265: [2, 1, 3] [[1.0256795939058065, 0.6367689073085785, 7.748603820800781e-07, 1.1159637421369553], [0.8125694990158081, 0.0042043328285217285, 0.6216890811920166, 1.001308236271143], [1.0818303897976875, 1.010684259235859, 1.121677115559578, 0.0005657076835632324]]
266: [1, 2, 3] [[0.8997069671750069, 0.06457668542861938, 0.668257474899292, 1.016297947615385], [1.036505751311779, 0.6650541722774506, 0.02945953607559204, 1.1233142837882042], [1.048561342060566, 1.0385318510234356, 1.1639912873506546, 0.03110671043395996]]
267: [1, 2, 3] [[0.9089102670550346, 0.0007963776588439941, 0.6706342101097107, 1.0398430861532688], [1.0300651770085096, 0.6747651696205139, 0.0004488229751586914, 1.163764774799347], [1.0555887520313263, 1.0589970648288727, 1.183076173067093, 0.010265946388244629]]
268: [1, 3] [[0.9031741991639137, 0.007980704307556152, 0.6755512654781342, 1.0320989973843098], [1.0507531575858593, 1.0373101383447647, 1.1536999344825745, 0.031021595001220703]]
269: [1, 3] [[0.8968674391508102, 0.005863368511199951, 0.6658803522586823, 1.0462164133787155], [1.0182588156312704, 0.9883931307122111, 1.1865668296813965, 0.014194905757904053]]
270: [1, 3] [[0.8948622271418571, 6.687641143798828e-05, 0.665677398443222, 0.9874206176027656], [1.01250203512609, 0.986001905053854, 1.1874890178442001, 0.0002276301383972168]]
271: [1, 3] [[0.8674400895833969, 0.016445934772491455, 0.6869283318519592, 0.9641956426203251], [1.0519152246415615, 0.9618544913828373, 1.131246879696846, 0.02675318717956543]]
272: [1, 3] [[0.8675901889801025, 0.0008972287178039551, 0.6773872673511505, 0.9583129435777664], [1.0643053874373436, 0.9465556889772415, 1.1032302752137184, 0.00927424430847168]]
273: [1, 3] [[0.9091039374470711, 0.020102083683013916, 0.7023464739322662, 0.9667217321693897], [1.1603739559650421, 0.9324414879083633, 1.1229654923081398, 0.07921445369720459]]
274: [1, 2, 3] [[0.9236266314983368, 0.0030964016914367676, 0.7130769491195679, 0.9361160770058632], [1.0240936670452356, 0.6739722788333893, 0.037606120109558105, 1.0949771255254745], [1.092427670955658, 0.9253866299986839, 1.1223667338490486, 0.055185556411743164]]
275: [1, 2, 3] [[0.9013816490769386, 0.005712270736694336, 0.6852453351020813, 0.9289574772119522], [1.0240936670452356, 0.6852453351020813, 0.0, 1.1223667338490486], [1.092427670955658, 0.9289574772119522, 1.1223667338490486, 0.0]]
276: [1, 2, 3] [[0.9528120122849941, 0.020224332809448242, 0.6672290563583374, 0.9449247345328331], [0.9767126701772213, 0.607428103685379, 0.03278803825378418, 1.1101456880569458], [1.1132602468132973, 0.9916173629462719, 1.102042704820633, 0.07199358940124512]]
277: [1, 2, 3] [[0.9554146379232407, 0.0015297532081604004, 0.6098729372024536, 0.9892390556633472], [0.9689366221427917, 0.6022285521030426, 0.00442659854888916, 1.1027634516358376], [1.1154774874448776, 0.9906180398538709, 1.102004773914814, 0.00011110305786132812]]
278: [1, 2, 3] [[0.9661512188613415, 0.013477563858032227, 0.609034538269043, 0.9926608949899673], [0.9624931812286377, 0.6702623665332794, 0.02132737636566162, 1.0565785691142082], [1.0825364515185356, 0.9859148524701595, 1.0452667325735092, 0.03482460975646973]]
279: [1, 2, 3] [[0.9726664833724499, 0.0006264448165893555, 0.6741846203804016, 0.9862583018839359], [0.9775207508355379, 0.6884974539279938, 0.0047599077224731445, 1.0531812459230423], [1.0774208530783653, 0.9803398605436087, 1.0426559261977673, 0.0015001893043518066]]
280: [1, 2, 3] [[0.9811891410499811, 0.001043558120727539, 0.6821553111076355, 0.9806935824453831], [0.9795003086328506, 0.6803325712680817, 0.0011584162712097168, 1.0456826612353325], [1.0774208530783653, 0.9806935824453831, 1.0456826612353325, 0.0]]
281: [1, 2, 3] [[0.9684694074094296, 0.011044025421142578, 0.7000263631343842, 0.9812340140342712], [0.9746188651770353, 0.7050768733024597, 0.02129542827606201, 1.08177450299263], [1.0487818717956543, 0.9862766927108169, 1.0788044854998589, 0.0370793342590332]]
282: [1, 2, 3] [[0.9664926342666149, 0.005826234817504883, 0.7055597901344299, 0.9768701214343309], [0.9559129364788532, 0.7249369025230408, 0.007059574127197266, 1.088614895939827], [1.0541038662195206, 0.9759866185486317, 1.0872411876916885, 0.0001220703125]]
283: [1, 3] [[1.063348464667797, 0.044904112815856934, 0.7974118739366531, 0.9744539391249418], [1.0530265495181084, 1.01244674064219, 1.081085428595543, 0.021214723587036133]]
284: [1, 2, 3] [[1.06083332747221, 0.0005782842636108398, 0.8055456578731537, 1.0079856934025884], [0.9834573492407799, 0.7834409177303314, 0.006097614765167236, 1.0720920041203499], [1.0271708015352488, 1.0062302015721798, 1.079520434141159, 0.0061154961585998535]]
285: [1, 3] [[1.06083332747221, 0.0, 0.7834409177303314, 1.0062302015721798], [1.0570771172642708, 0.9926825016736984, 1.0672159940004349, 0.0066031813621521]]
286: [1, 2, 3] [[1.0831293314695358, 0.008672952651977539, 0.779351219534874, 1.0066107399761677], [1.0236277841031551, 0.7378797233104706, 0.013822197914123535, 1.084417499601841], [1.0139493448659778, 0.9565502926707268, 1.0818635672330856, 0.018423795700073242]]
287: [1, 2, 3] [[1.0757699310779572, 0.0012287497520446777, 0.7304568886756897, 0.9597436338663101], [1.0151125555858016, 0.7355073988437653, 0.0018813610076904297, 1.075731948018074], [1.0696340128779411, 0.9933092370629311, 1.0901511907577515, 0.0080031156539917]]
288: [1, 3] [[1.049863412976265, 0.01666998863220215, 0.7338760495185852, 0.9988874457776546], [1.0880379006266594, 0.9809743035584688, 1.0885257422924042, 0.027943670749664307]]
289: [1, 3] [[1.0250775050371885, 0.004285216331481934, 0.7278188169002533, 0.9872838212177157], [1.101059965789318, 0.999267403036356, 1.086599126458168, 0.00323563814163208]]
290: [1, 3] [[1.0104524428024888, 0.005899906158447266, 0.7181513607501984, 0.9810018204152584], [1.126242220401764, 1.017387891188264, 1.0900847986340523, 0.005637109279632568]]
291: [1, 3] [[1.0318284146487713, 0.020404160022735596, 0.708745002746582, 1.0457471795380116], [1.0846206992864609, 1.0574102066457272, 1.0420595929026604, 0.040769755840301514]]
292: [1, 3] [[1.0215105321258307, 0.016741633415222168, 0.7363851964473724, 1.0410056747496128], [1.0920218452811241, 1.0163333099335432, 1.0575944744050503, 0.011529624462127686]]
293: [1, 3] [[1.0078042936511338, 0.013664960861206055, 0.6722162663936615, 1.0606375634670258], [1.094470277428627, 1.0461587086319923, 1.0560545213520527, 0.02626436948776245]]
294: [1, 3] [[1.0131031507626176, 0.0010460615158081055, 0.6850754022598267, 1.0425908043980598], [1.0965388864278793, 1.0680589005351067, 1.064042218029499, 0.0035049915313720703]]
295: [1, 3] [[1.0088625932112336, 0.0007039308547973633, 0.6695602536201477, 1.0679285004734993], [1.0898787081241608, 1.0773174241185188, 1.071683093905449, 0.0014470219612121582]]
296: [1, 3] [[0.9970257950481027, 0.006787717342376709, 0.6645877957344055, 1.0882643684744835], [1.1144224256277084, 1.0918503031134605, 1.0592116825282574, 0.018059194087982178]]
297: [1, 3] [[1.0033048542682081, 0.005564987659454346, 0.6909641027450562, 1.0698895826935768], [1.1383641362190247, 1.0661210715770721, 1.0540334209799767, 0.004581153392791748]]
298: [1, 2, 3] [[1.053549837321043, 0.02077353000640869, 0.6950614750385284, 1.0623030811548233], [0.9677722118794918, 0.7093631327152252, 0.06712675094604492, 1.076061651110649], [1.1114528626203537, 1.0550940297544003, 1.0851608142256737, 0.020137131214141846]]
299: [1, 2, 3] [[1.0132701778784394, 0.009340763092041016, 0.669552743434906, 1.072469748556614], [0.9639744386076927, 0.6615573465824127, 0.01840519905090332, 1.072097584605217], [1.0914427861571312, 1.0746226385235786, 1.1021073013544083, 0.012953221797943115]]
300: [1, 2, 3] [[1.0013399274321273, 0.001253962516784668, 0.6474982500076294, 1.0796601921319962], [0.9632574506103992, 0.6536707282066345, 0.008966147899627686, 1.109978660941124], [1.088083177804947, 1.0814840272068977, 1.1202350929379463, 0.0033310651779174805]]
301: [1, 3] [[1.0435214452445507, 0.012806177139282227, 0.6760687828063965, 1.0762740224599838], [1.0841507464647293, 1.069400578737259, 1.1065800786018372, 0.013968408107757568]]
302: [1, 3] [[1.0328846648335457, 0.004363656044006348, 0.6943313181400299, 1.0703332275152206], [1.119241364300251, 1.07313933968544, 1.0855354964733124, 0.007753610610961914]]
303: [1, 3] [[1.020794464275241, 0.01852571964263916, 0.6504966616630554, 1.0588380359113216], [1.0668258219957352, 1.053539652377367, 1.0957470536231995, 0.018455564975738525]]
304: [1, 3] [[1.0233825873583555, 9.328126907348633e-05, 0.6490398943424225, 1.0536354407668114], [1.0580864064395428, 1.0737218335270882, 1.1028783395886421, 0.002035677433013916]]
305: [1, 3] [[1.0250712055712938, 0.0009935498237609863, 0.6614411771297455, 1.076119251549244], [1.0522371120750904, 1.0881149619817734, 1.0885411351919174, 0.00520700216293335]]
306: [1, 3] [[1.0396546237170696, 0.04667693376541138, 0.710797131061554, 1.0675604939460754], [1.0653597190976143, 1.036135233938694, 1.10907781124115, 0.022114813327789307]]
307: [1, 3] [[1.0366279520094395, 0.004238307476043701, 0.7014478147029877, 1.0282229464501143], [1.077041357755661, 1.0259655825793743, 1.1108710318803787, 0.005111753940582275]]
308: [1, 3] [[1.0213291253894567, 0.025312840938568115, 0.657599538564682, 1.0242981910705566], [1.0578517615795135, 1.0470500513911247, 1.127408504486084, 0.016968846321105957]]
309: [1, 3] [[1.03018094971776, 0.0025064945220947266, 0.672817051410675, 1.051689337939024], [1.0559565164148808, 1.0238256864249706, 1.144044280052185, 0.018976986408233643]]
310: [1, 3] [[1.037408109754324, 0.010149061679840088, 0.6829021573066711, 1.0175860039889812], [1.0567303150892258, 1.0510475002229214, 1.1258928030729294, 0.017256498336791992]]
311: [1, 3] [[1.077248565852642, 0.00921332836151123, 0.6561843752861023, 1.060785185545683], [1.0620403327047825, 1.0391037724912167, 1.1064131036400795, 0.015420734882354736]]
312: [1, 3] [[1.0778622403740883, 0.010910570621490479, 0.6639187932014465, 1.0704846605658531], [1.052939135581255, 1.0225518383085728, 1.1207545846700668, 0.009247839450836182]]
313: [1, 3] [[1.0755367130041122, 0.006724953651428223, 0.6927229166030884, 1.020344477146864], [1.0649137049913406, 1.0532208532094955, 1.1331479847431183, 0.029807627201080322]]
314: [1, 3] [[1.0515702925622463, 0.011515498161315918, 0.6666719615459442, 1.0585108324885368], [1.0855076685547829, 0.9868314601480961, 1.1000860184431076, 0.016285419464111328]]
315: [1, 3] [[1.0754949375987053, 0.007842063903808594, 0.6993283927440643, 0.9651135951280594], [1.1062686815857887, 1.0030951611697674, 1.1189096421003342, 0.016348958015441895]]
316: [1, 3] [[1.0662896633148193, 0.003428936004638672, 0.7043729722499847, 0.982081888243556], [1.1269380003213882, 0.9803048502653837, 1.116835966706276, 0.02513498067855835]]
317: [1, 3] [[1.063319317996502, 0.004976093769073486, 0.6989504992961884, 0.9974989295005798], [1.1559110134840012, 1.004981350619346, 1.1404054909944534, 0.017543137073516846]]
318: [1, 3] [[1.075999103486538, 0.016838252544403076, 0.6798399090766907, 1.0055304844863713], [1.1620403826236725, 0.9788509458303452, 1.162178710103035, 0.022480130195617676]]
319: [1, 3] [[1.0736424326896667, 0.0042310357093811035, 0.6771285235881805, 0.9690340608358383], [1.1598568707704544, 0.9961658676620573, 1.1783578395843506, 0.008649051189422607]]
320: [1, 3] [[1.0576608814299107, 0.005099236965179443, 0.6862301230430603, 1.0096203833818436], [1.1590312868356705, 0.9843437187373638, 1.1842841356992722, 0.009937882423400879]]
321: [1, 3] [[1.0746404230594635, 0.005386233329772949, 0.6901082396507263, 0.9935593586415052], [1.134753480553627, 1.0163574572652578, 1.1850674152374268, 0.0224306583404541]]
322: [1, 3] [[1.0750641822814941, 0.0017409324645996094, 0.6829771995544434, 1.0240573547780514], [1.1230576559901237, 1.055354818701744, 1.146874099969864, 0.011562824249267578]]
323: [1, 3] [[1.0846711695194244, 0.005520761013031006, 0.6658644676208496, 1.047887660562992], [1.1736845523118973, 1.020704410970211, 1.1607280224561691, 0.03428292274475098]]
324: [1, 3] [[1.0877257585525513, 0.0021576285362243652, 0.6663419604301453, 1.025179186835885], [1.158461555838585, 0.993104362860322, 1.1477428674697876, 0.00898599624633789]]
325: [1, 3] [[1.0699503794312477, 0.0030350089073181152, 0.6786402761936188, 0.989011911675334], [1.145328938961029, 0.9803073201328516, 1.1643681228160858, 0.010571181774139404]]
326: [1, 3] [[1.0631169527769089, 0.00594782829284668, 0.6690965294837952, 1.0159285720437765], [1.1322065740823746, 0.9722894467413425, 1.1599798202514648, 0.020658135414123535]]
327: [1, 3] [[1.061883881688118, 0.014149010181427002, 0.6848339438438416, 0.948353610932827], [1.1026523932814598, 0.9737587198615074, 1.1653926968574524, 0.01663827896118164]]
328: [1, 3] [[1.0602455586194992, 0.011692345142364502, 0.6488796770572662, 1.0048241689801216], [1.0819885283708572, 1.0299740228801966, 1.1840409934520721, 0.021064937114715576]]
329: [1, 3] [[1.0649683326482773, 0.009623825550079346, 0.6928048133850098, 0.9827062040567398], [1.0499577708542347, 0.9870237484574318, 1.1688144207000732, 0.005957961082458496]]
330: [1, 3] [[1.0455743707716465, 0.019722163677215576, 0.6705076098442078, 1.0579629614949226], [1.0790757313370705, 1.0773678049445152, 1.1845399886369705, 0.013248264789581299]]
331: [1, 3] [[1.032693576067686, 0.0161130428314209, 0.6710350811481476, 1.0662639290094376], [1.0992513746023178, 1.051359437406063, 1.1528244465589523, 0.009043693542480469]]
332: [1, 3] [[1.0343295894563198, 0.007609665393829346, 0.7086672484874725, 1.0478480830788612], [1.0667864829301834, 1.0429997965693474, 1.1495023965835571, 0.013916850090026855]]
333: [1, 3] [[1.0274809543043375, 0.020820319652557373, 0.6603257060050964, 1.0291942078620195], [1.0502594709396362, 1.034328866750002, 1.1813396513462067, 0.021724224090576172]]
334: [1, 3] [[1.0079679721966386, 0.010396003723144531, 0.6756210625171661, 1.065531112253666], [1.0803893133997917, 1.1188831180334091, 1.151440143585205, 0.027988016605377197]]
335: [1, 3] [[1.0139440344646573, 0.005416512489318848, 0.6936839818954468, 1.117180347442627], [1.0640274956822395, 1.0509329251945019, 1.1609070897102356, 0.015369772911071777]]
336: [1, 3] [[1.0583558827638626, 0.04103785753250122, 0.7382281720638275, 1.0064463545568287], [1.089436985552311, 1.031565610319376, 1.163006380200386, 0.10610002279281616]]
337: [1, 3] [[1.0256449300795794, 0.009639620780944824, 0.6961171925067902, 1.0513347461819649], [1.0701364129781723, 1.0393752604722977, 1.136165827512741, 0.04964005947113037]]
338: [1, 3] [[0.9862467823550105, 0.020019173622131348, 0.703559160232544, 1.0176768116652966], [1.1233624443411827, 1.0207701828330755, 1.116480715572834, 0.024382412433624268]]
339: [1, 3] [[0.9991690664901398, 0.0032731294631958008, 0.708497941493988, 1.0237882789224386], [1.0707239285111427, 0.9502187967300415, 1.0636506378650665, 0.05319666862487793]]
340: [1, 3] [[1.0342438258230686, 0.015049457550048828, 0.6858015656471252, 0.9689271375536919], [1.0506432689726353, 0.9816615376621485, 1.1067167297005653, 0.02072727680206299]]
341: [1, 3] [[0.9833983145654202, 0.02813577651977539, 0.7288663387298584, 0.9797108601778746], [1.0382487326860428, 0.9978642724454403, 1.1301760971546173, 0.04391205310821533]]
342: [1, 3] [[0.9987262113718316, 0.002257049083709717, 0.7368734776973724, 1.0049916580319405], [1.0939968898892403, 0.9949358887970448, 1.1013210639357567, 0.025489449501037598]]
343: [1, 3] [[0.9922937261871994, 0.012601256370544434, 0.7291107773780823, 1.0105005912482738], [1.047361832112074, 1.0188065934926271, 1.1119104698300362, 0.03308415412902832]]
344: [1, 3] [[1.0076068984344602, 0.007685482501983643, 0.7333522737026215, 0.9761055056005716], [1.0494752191007137, 1.0254625398665667, 1.1162303537130356, 0.01624244451522827]]
345: [1, 3] [[0.9917580746114254, 0.0064198970794677734, 0.7489392161369324, 0.997261606156826], [1.0573661886155605, 0.9597033746540546, 1.0799646824598312, 0.007777690887451172]]
346: [1, 3] [[0.9599917940795422, 0.007764160633087158, 0.7368304133415222, 0.9774271994829178], [1.0368904806673527, 0.952005922794342, 1.1292133033275604, 0.016129672527313232]]
347: [1, 3] [[0.9731172043830156, 0.01986294984817505, 0.7053297758102417, 0.9945037662982941], [1.0414480306208134, 1.0154485926032066, 1.135024830698967, 0.016427278518676758]]
348: [1, 3] [[0.9740248564630747, 0.006171166896820068, 0.7072450220584869, 1.009442675858736], [1.0419859439134598, 1.0120931640267372, 1.1147512793540955, 0.016648828983306885]]
349: [1, 3] [[0.9763285685330629, 0.0027794837951660156, 0.7193797528743744, 1.0140334405004978], [1.0545152425765991, 1.0069855530746281, 1.1049098297953606, 0.006434619426727295]]
350: [1, 3] [[0.9760900009423494, 0.002319931983947754, 0.7391607761383057, 1.0041737970896065], [1.0401740372180939, 0.967411458492279, 1.1346824318170547, 0.015204668045043945]]
351: [1, 3] [[1.0086612030863762, 0.01665198802947998, 0.6839487850666046, 0.9838646054267883], [1.0398880876600742, 0.9737995080649853, 1.0927859619259834, 0.019141972064971924]]
352: [1, 3] [[0.9464355558156967, 0.02911818027496338, 0.6993768811225891, 0.9693539720028639], [1.0285192281007767, 0.970299981534481, 1.0873003154993057, 0.02276402711868286]]
353: [1, 3] [[0.9812743552029133, 0.015557646751403809, 0.7017287015914917, 0.9534094519913197], [0.9886857597157359, 0.9437823668122292, 1.1029752865433693, 0.025518357753753662]]
354: [1, 3] [[1.0084382677450776, 0.008553028106689453, 0.7087238729000092, 0.9453981295228004], [0.9899227982386947, 0.9536626674234867, 1.0828415304422379, 0.01342153549194336]]
355: [1, 3] [[1.023361161351204, 0.0073476433753967285, 0.7190312743186951, 0.9352777451276779], [1.0338073074817657, 0.9125110432505608, 1.0883753597736359, 0.013834238052368164]]
356: [2, 1, 3] [[0.940495889633894, 0.7453812062740326, 0.2130347490310669, 1.1354887187480927], [1.025435609742999, 0.011625051498413086, 0.7562887072563171, 0.8735870718955994], [0.9938334142789245, 0.8955933675169945, 1.122651755809784, 0.01095128059387207]]
357: [2, 1, 3] [[1.016610773280263, 0.7750988006591797, 0.05269402265548706, 1.1302344650030136], [1.0194530952721834, 0.004173099994659424, 0.7738612145185471, 0.8860108852386475], [1.024566799402237, 0.86732117831707, 1.1336075365543365, 0.012938857078552246]]
358: [1, 3] [[1.0300320200622082, 0.018568038940429688, 0.7671398371458054, 0.916802279651165], [1.0485042184591293, 0.9228305742144585, 1.11811213940382, 0.026382744312286377]]
359: [2, 1, 3] [[0.8751585334539413, 0.7319891452789307, 0.13442236185073853, 1.0889090523123741], [1.0166535135358572, 0.005266070365905762, 0.7064248323440552, 0.9295450672507286], [1.02862817235291, 0.889660157263279, 1.0838396772742271, 0.014955222606658936]]
360: [1, 3] [[1.0118591012433171, 0.005214333534240723, 0.7174345254898071, 0.8691217452287674], [1.0465635769069195, 0.9182210639119148, 1.0882919281721115, 0.012592911720275879]]
361: [1, 3] [[0.988404918462038, 0.014853835105895996, 0.6965653300285339, 0.9006549641489983], [1.0569604821503162, 0.9085819348692894, 1.11287372559309, 0.01908266544342041]]
362: [1, 3] [[0.9858574606478214, 0.010888397693634033, 0.6831034421920776, 0.9020894467830658], [1.018151493743062, 0.9392339438199997, 1.1365138739347458, 0.015712738037109375]]
363: [1, 3] [[1.0002658516459633, 0.018007516860961914, 0.649763435125351, 0.9632352478802204], [1.050606857985258, 0.9512316584587097, 1.127504974603653, 0.013421237468719482]]
364: [1, 3] [[0.9874843610450625, 0.004937589168548584, 0.6489711999893188, 0.9284210279583931], [1.0329136326909065, 0.9236907288432121, 1.1192880496382713, 0.005944728851318359]]
365: [1, 3] [[0.9718091674149036, 0.004931211471557617, 0.6206161379814148, 0.9368031024932861], [1.0529437027871609, 0.9287644997239113, 1.1324832737445831, 0.006273388862609863]]
366: [1, 3] [[0.9597014375030994, 0.006668686866760254, 0.6239949464797974, 0.9404257014393806], [1.049146044999361, 0.9618435315787792, 1.1527996361255646, 0.012593865394592285]]
367: [1, 3] [[0.9303466379642487, 0.009653925895690918, 0.6135100722312927, 0.9512579403817654], [1.0190191585570574, 0.9339013993740082, 1.1698132306337357, 0.016263365745544434]]
368: [1, 3] [[0.9944154764525592, 0.044183552265167236, 0.675224095582962, 0.8918424472212791], [1.0490007288753986, 0.9109032452106476, 1.1833288371562958, 0.009742975234985352]]
369: [1, 3] [[0.9627484269440174, 0.02923870086669922, 0.6398613750934601, 0.974064415320754], [1.0676958709955215, 0.9830636177212, 1.1834554970264435, 0.003421187400817871]]
370: [1, 3] [[0.9611619524657726, 0.011877238750457764, 0.6554055213928223, 0.9728175513446331], [1.0290068928152323, 0.989851008169353, 1.1887014210224152, 0.014156222343444824]]
371: [1, 3] [[0.9963911024387926, 0.036317408084869385, 0.6962608695030212, 0.9795090593397617], [0.9661949910223484, 0.9400434494018555, 1.1583606898784637, 0.018661141395568848]]
372: [1, 3] [[1.0422693341970444, 0.014497220516204834, 0.7665673047304153, 0.9169876649975777], [0.9827664624899626, 0.8595927953720093, 1.1489834189414978, 0.010870695114135742]]
373: [1, 3] [[1.0215744692832232, 0.028249919414520264, 0.7024075984954834, 0.8914470449090004], [0.9536672122776508, 0.8666906803846359, 1.1136405989527702, 0.012942969799041748]]
374: [1, 3] [[1.0247552674263716, 0.007428228855133057, 0.7004899382591248, 0.8793761432170868], [0.9072718843817711, 0.9132652655243874, 1.146679401397705, 0.012400209903717041]]
375: [1, 3] [[1.016361864283681, 0.012400150299072266, 0.7022285461425781, 0.920010082423687], [0.8904708847403526, 0.8970766514539719, 1.1219736859202385, 0.010336697101593018]]
376: [1, 3] [[1.040826927870512, 0.026284098625183105, 0.7446194589138031, 0.8795236796140671], [0.916664719581604, 0.8742963224649429, 1.119721345603466, 0.018013954162597656]]
377: [1, 3] [[1.0329882763326168, 0.005945801734924316, 0.738921195268631, 0.8803445398807526], [1.0110065760090947, 0.8959148898720741, 1.1548973768949509, 0.02681511640548706]]
378: [1, 3] [[1.058236964046955, 0.025874555110931396, 0.7920966744422913, 0.887626126408577], [0.980084115639329, 0.8615109175443649, 1.173444077372551, 0.016139984130859375]]
379: [1, 3] [[1.0448996499180794, 0.02696669101715088, 0.726133406162262, 0.8892315924167633], [1.0593398921191692, 0.9567614495754242, 1.1682405471801758, 0.02261638641357422]]
380: [1, 3] [[1.0209231562912464, 0.01743769645690918, 0.7196810245513916, 0.9726353511214256], [1.0695358961820602, 0.9540508091449738, 1.1478975415229797, 0.020744025707244873]]
381: [1, 3] [[1.0737088024616241, 0.026005029678344727, 0.6752074062824249, 0.9181448146700859], [0.9898174358531833, 0.9500216171145439, 1.1405704617500305, 0.020117461681365967]]
382: [1, 3] [[1.0286853779107332, 0.012001574039459229, 0.6615847647190094, 0.983425559476018], [0.9942536097951233, 1.0724483504891396, 1.1306339502334595, 0.04099750518798828]]
383: [1, 2, 3] [[1.032682903110981, 0.0168914794921875, 0.7103986740112305, 1.0538591966032982], [0.8510006070137024, 0.7454366981983185, 0.13189125061035156, 1.163120374083519], [1.0325384177267551, 0.9770500399172306, 1.1497628539800644, 0.034895479679107666]]
384: [1, 3] [[1.0434024669229984, 0.06270664930343628, 0.7849203050136566, 0.9788973573595285], [1.0442929305136204, 0.9357285052537918, 1.13101164996624, 0.12126368284225464]]
385: [1, 3] [[1.0414865650236607, 0.00021123886108398438, 0.7835512161254883, 0.9268041774630547], [1.0581117533147335, 0.9591362290084362, 1.1376110464334488, 0.006505310535430908]]
386: [1, 3] [[1.0379732213914394, 0.01575237512588501, 0.7739731073379517, 0.9938281252980232], [1.0712513476610184, 1.0163192357867956, 1.1600519120693207, 0.007064700126647949]]
387: [1, 3] [[1.0386893078684807, 0.007377445697784424, 0.7625310868024826, 0.9953833450563252], [1.0743118599057198, 0.9959400482475758, 1.1585123986005783, 0.0001207590103149414]]
388: [1, 3] [[1.0789888948202133, 0.022736430168151855, 0.839819610118866, 0.9518872201442719], [1.0423444658517838, 0.9410475045442581, 1.1274976283311844, 0.009768843650817871]]
389: [1, 3] [[1.0721761211752892, 0.001339554786682129, 0.8244410902261734, 0.944693312048912], [1.0425104387104511, 0.9198267310857773, 1.1323684304952621, 0.00315934419631958]]
390: [1, 3] [[1.0691093653440475, 0.0034339427947998047, 0.8183975964784622, 0.9102110788226128], [1.0440978594124317, 0.9087826162576675, 1.1317161470651627, 3.9696693420410156e-05]]
391: [1, 3] [[1.0504075437784195, 0.012667596340179443, 0.8182872384786606, 0.9489420801401138], [1.0592619739472866, 0.9944122582674026, 1.1393196433782578, 0.011775851249694824]]
392: [1, 3] [[1.043006543070078, 0.0038695335388183594, 0.8117895722389221, 0.9810043144971132], [1.0532204434275627, 0.9661902822554111, 1.1380827128887177, 0.0011305809020996094]]
393: [1, 3] [[1.0304562635719776, 0.014252424240112305, 0.7632914483547211, 0.9785555824637413], [1.0495745167136192, 0.9676854126155376, 1.1450521349906921, 0.03234267234802246]]
394: [1, 3] [[1.0639641731977463, 0.01333761215209961, 0.8131646662950516, 0.9621755592525005], [1.0278089791536331, 0.9245373457670212, 1.146349474787712, 0.010297238826751709]]
395: [1, 3] [[1.080126129090786, 0.004572749137878418, 0.8333867639303207, 0.9116050079464912], [1.034929532557726, 0.9530543759465218, 1.1539141684770584, 0.006009876728057861]]
396: [1, 3] [[1.08127773553133, 0.00972050428390503, 0.8728229254484177, 0.9433807022869587], [1.085758812725544, 0.9274495840072632, 1.1627979427576065, 0.04697984457015991]]
397: [1, 3] [[1.089015893638134, 0.0009354352951049805, 0.8685365170240402, 0.9255830273032188], [1.0816474631428719, 0.9192005321383476, 1.1520067602396011, 0.0006397366523742676]]
398: [1, 2, 3] [[1.0835881680250168, 0.022102713584899902, 0.8134570866823196, 0.912219800055027], [1.002669338369742, 0.6845500767230988, 0.24892479181289673, 1.0972881093621254], [1.0720328986644745, 0.9652752503752708, 1.1182594448328018, 0.06359595060348511]]
399: [1, 2, 3] [[1.0676093995571136, 0.0049141645431518555, 0.7012448012828827, 0.9469662196934223], [1.031486202031374, 0.7562360316514969, 0.025223135948181152, 1.0762243270874023], [1.0709404423832893, 0.9463249109685421, 1.0747473314404488, 0.004191994667053223]]
400: [1, 2, 3] [[1.071975328028202, 0.0015320777893066406, 0.7632454335689545, 0.9453803226351738], [1.0230770763009787, 0.7625060081481934, 0.011162757873535156, 1.1041035428643227], [1.0713441297411919, 0.9475230872631073, 1.1075954884290695, 0.0003610849380493164]]
401: [1, 2, 3] [[1.0033558760769665, 0.026699364185333252, 0.7413862943649292, 1.0198397915810347], [0.9999920651307548, 0.7367525398731232, 0.02211785316467285, 1.0987457409501076], [1.0693879798054695, 1.056096214801073, 1.1342339217662811, 0.06896793842315674]]
402: [1, 2, 3] [[1.0007763170287944, 0.015208780765533447, 0.7219590246677399, 1.0419021733105183], [0.9360721036791801, 0.7345354855060577, 0.023224472999572754, 1.1200266033411026], [1.0777774453163147, 1.003730557858944, 1.1473258137702942, 0.02879488468170166]]
403: [1, 3] [[1.0132570723071694, 0.015354812145233154, 0.7562542706727982, 1.0019715838134289], [1.139128029346466, 0.9745223429054022, 1.0746062472462654, 0.08257508277893066]]
404: [1, 3] [[0.9801427740603685, 0.006051421165466309, 0.7306844592094421, 0.9984340593218803], [1.1783277094364166, 1.0399605743587017, 1.0629997253417969, 0.01224219799041748]]
405: [1, 3] [[1.0107848243787885, 0.02397739887237549, 0.7485132813453674, 1.0145355816930532], [1.161959782242775, 1.0121601484715939, 1.0778654217720032, 0.00849771499633789]]
406: [1, 3] [[1.0152020025998354, 0.010740399360656738, 0.7371708750724792, 1.0368114151060581], [1.0259630009531975, 0.949963204562664, 1.0237599462270737, 0.12053072452545166]]
407: [1, 3] [[1.0413768105208874, 0.006988108158111572, 0.7471747398376465, 0.9167402535676956], [1.0734223946928978, 0.938491016626358, 0.9882568456232548, 0.017939329147338867]]
408: [1, 3] [[1.067713014781475, 0.022555112838745117, 0.7330127656459808, 0.948379635810852], [1.17169089615345, 1.035791590809822, 1.0500964373350143, 0.0911935567855835]]
409: [1, 3] [[1.0733638107776642, 0.020452797412872314, 0.7560913413763046, 0.9969670549035072], [1.1714826077222824, 0.9786192122846842, 1.061055976897478, 0.009385943412780762]]
410: [1, 3] [[1.0618632473051548, 0.017383933067321777, 0.7313298881053925, 1.0030171836260706], [1.160850003361702, 0.9973743855953217, 1.0536401867866516, 0.013087928295135498]]
411: [1, 3] [[1.0638018548488617, 0.01660597324371338, 0.782413899898529, 0.9587452709674835], [1.0556805022060871, 0.9818049222230911, 1.0532017201185226, 0.0949481725692749]]
412: [1, 3] [[1.0478592403233051, 0.006263136863708496, 0.7633504420518875, 0.9639035314321518], [1.0930220633745193, 0.971320852637291, 1.0398106053471565, 0.033586323261260986]]
413: [1] [[0.9870772613212466, 0.07241660356521606, 0.6444017887115479, 1.0321245342493057]]
414: [1] [[0.987745332531631, 0.0064460039138793945, 0.6240723729133606, 1.0102060176432133]]
415: [1] [[0.990876923315227, 0.005042135715484619, 0.6185523271560669, 1.0043925275094807]]
416: [1] [[1.0332404002547264, 0.041561782360076904, 0.6877204477787018, 1.0287365578114986]]
417: [1] [[1.0341576226055622, 0.004221081733703613, 0.6643388569355011, 1.0191486030817032]]
418: [1] [[1.0110939303413033, 0.08788716793060303, 0.6134122014045715, 0.9802952632308006]]
419: [1] [[1.0009865985484794, 0.007954001426696777, 0.5882733464241028, 0.9549983069300652]]
420: [1] [[0.979847026988864, 0.008416593074798584, 0.61263108253479, 0.9645034931600094]]
421: [2, 1] [[0.887406662106514, 0.6893316805362701, 0.15817105770111084, 1.1977570056915283], [0.9818945731967688, 0.0715949535369873, 0.6998920440673828, 0.9961941835936159]]
422: [1] [[0.9735315274447203, 0.012548267841339111, 0.7451788783073425, 0.985706077888608]]
423: [2, 1] [[0.7607996314764023, 0.6257669925689697, 0.1150897741317749, 1.1803555488586426], [0.9788767080754042, 0.1788116693496704, 0.5361208915710449, 0.9844834972172976]]
424: [1, 2] [[1.0063203582540154, 0.0697556734085083, 0.5886270403862, 1.0467564761638641], [0.7858551144599915, 0.5818231105804443, 0.013937890529632568, 1.1778242588043213]]
425: [1] [[1.0203788504004478, 0.01762634515762329, 0.5720867812633514, 1.0686322525143623]]
426: [1, 2] [[1.0608762428164482, 0.13922137022018433, 0.5088112056255341, 0.9521871767938137], [0.7832187712192535, 0.4989144206047058, 0.029266536235809326, 1.178787276148796]]
427: [1, 2] [[1.0435329638421535, 0.009187936782836914, 0.49294304847717285, 0.9773085415363312], [0.7800364196300507, 0.6540394127368927, 0.05309015512466431, 1.2282931804656982]]
428: [1, 2] [[1.018805032595992, 0.08411991596221924, 0.6362658441066742, 0.8956546485424042], [0.8059448599815369, 0.5285349488258362, 0.11828124523162842, 1.1408631503582]]
429: [1, 2] [[1.0153704155236483, 0.0036889314651489258, 0.5243805646896362, 0.8943359702825546], [0.7247345149517059, 0.4927830696105957, 0.0971078872680664, 1.2040146589279175]]
430: [1, 2] [[1.0176164116710424, 0.00023621320724487305, 0.4943792223930359, 0.8918761685490608], [0.7421400845050812, 0.5151061415672302, 0.009868621826171875, 1.1916738152503967]]
431: [1, 2] [[0.9843218643218279, 0.06476819515228271, 0.4900447130203247, 0.9598400816321373], [0.8044398128986359, 0.5140603184700012, 0.06230175495147705, 1.233297273516655]]
432: [1, 2] [[0.9906887365505099, 0.009525120258331299, 0.5257841646671295, 0.963409535586834], [0.7895025759935379, 0.5426515936851501, 0.003595590591430664, 1.2428091168403625]]
433: [2] [[0.9636794328689575, 0.6395801305770874, 0.21315401792526245, 1.2435056269168854]]
434: [2] [[0.9440232887864113, 0.6301253437995911, 0.009839177131652832, 1.2392783612012863]]
435: [2] [[0.9388611987233162, 0.6151432991027832, 0.004411578178405762, 1.2200356423854828]]
439: [2] [[0.98304433375597, 0.7218945622444153, 0.14612722396850586, 1.2149565368890762]]
440: [2] [[0.9708247538655996, 0.7102464437484741, 0.009933948516845703, 1.2357079237699509]]
