0: [0, 1, 2] [[], [0.5761014521121979], [0.954500325024128, 0.8085203170776367]]
1: [0, 1, 2] [[0.03167879581451416, 0.6248655319213867, 0.9487981498241425], [0.5519967675209045, 0.0444493293762207, 0.7359676659107208], [0.8979942873120308, 0.652173638343811, 0.13722282648086548]]
2: [0, 1, 2, 3] [[0.04162096977233887, 0.4995182752609253, 0.8897860199213028], [0.5737793445587158, 0.04979068040847778, 0.7312022149562836], [0.8586539626121521, 0.7227950394153595, 0.07343792915344238], [1.0093827778473496, 0.9860066259279847, 0.9973707015160471]]
3: [0, 1, 2] [[0.0282021164894104, 0.5709792673587799, 0.8434900492429733, 1.050226416438818], [0.5421182513237, 0.0646008849143982, 0.7895189523696899, 0.9891065843403339], [0.8499107658863068, 0.776616781949997, 0.05611604452133179, 1.0116163594648242]]
4: [0, 1, 2] [[0.026436686515808105, 0.5501079261302948, 0.838347315788269, 1.0395222678780556], [0.5447965562343597, 0.050696372985839844, 0.7163515985012054, 0.9851028062403202], [0.8587906211614609, 0.7321815192699432, 0.06716316938400269, 1.0125107411295176]]
5: [0, 1, 2] [[0.02568948268890381, 0.5321358442306519, 0.8052025586366653, 1.0484128259122372], [0.4988393187522888, 0.10370039939880371, 0.7500881254673004, 0.9811550714075565], [0.8235969245433807, 0.7853129804134369, 0.03456926345825195, 1.0514142997562885]]
6: [0, 1, 2] [[0.016605138778686523, 0.5149833858013153, 0.8067262172698975, 1.0025869994424284], [0.5275110602378845, 0.07584315538406372, 0.764578327536583, 1.0006794285145588], [0.8389590084552765, 0.7878205925226212, 0.11034280061721802, 1.010719089768827]]
7: [4, 0, 1, 2] [[1.0242302492260933, 0.6128201484680176, 0.7696234583854675, 0.8978646025061607], [0.030081093311309814, 0.5349860489368439, 0.8013398349285126, 1.017696587368846, 1.0471695140004158], [0.6045305728912354, 0.1862635612487793, 0.756032794713974, 0.9894774304702878, 0.7818949818611145], [0.8210121989250183, 0.6438057720661163, 0.12508171796798706, 0.979592626914382, 0.8253563493490219]]
8: [4, 0, 1, 2] [[1.1624862104654312, 0.8171681463718414, 0.8230428844690323, 0.9658644758164883, 0.1635095477104187], [0.016519486904144287, 0.5868322253227234, 0.8344025909900665, 1.0169926788657904, 1.1330797374248505], [0.5779672563076019, 0.16537034511566162, 0.6329042613506317, 1.042654637247324, 0.6362312138080597], [0.8149035423994064, 0.7066433131694794, 0.09589201211929321, 0.9970301834400743, 0.7935299277305603]]
9: [4, 0, 1, 2] [[0.8308563232421875, 0.5563131272792816, 0.5870946645736694, 1.054794505238533, 0.39224666357040405], [0.028794825077056885, 0.5424900650978088, 0.778491884469986, 0.9717806708067656, 0.7959777414798737], [0.5714609920978546, 0.05511128902435303, 0.7123965620994568, 1.0033837873488665, 0.5149557888507843], [0.7588971853256226, 0.7061452269554138, 0.06207847595214844, 1.0091912280768156, 0.5981623530387878]]
10: [4, 0, 1, 2] [[0.8226661086082458, 0.6613812446594238, 0.5801474452018738, 1.1206926479935646, 0.1656961441040039], [0.021826982498168945, 0.6379784941673279, 0.8262697011232376, 0.9867820804938674, 0.8412767350673676], [0.5787686705589294, 0.05547517538070679, 0.6393395960330963, 1.0675024762749672, 0.55426424741745], [0.8567792773246765, 0.71257683634758, 0.07996511459350586, 0.9753600992262363, 0.5522543787956238]]
11: [0, 4, 1, 2] [[0.04652494192123413, 0.5448831021785736, 0.8500354140996933, 1.051504708826542, 0.8823582902550697], [0.8674237281084061, 0.48587608337402344, 0.6405379474163055, 1.1735763996839523, 0.1347554326057434], [0.5273078382015228, 0.156263530254364, 0.8171731233596802, 1.0600001439452171, 0.6276160776615143], [0.8497743308544159, 0.7269984781742096, 0.10648977756500244, 1.005310922395438, 0.61736199259758]]
12: [0, 4, 1, 2] [[0.02841705083847046, 0.5564540326595306, 0.8298977613449097, 1.006572971586138, 0.8627278506755829], [0.859463706612587, 0.6052923500537872, 0.56840580701828, 1.1216839626431465, 0.055381178855895996], [0.6487599015235901, 0.22670942544937134, 0.7541235387325287, 1.0162634532898664, 0.37771958112716675], [0.8085065931081772, 0.7488100230693817, 0.08240431547164917, 0.9322483465075493, 0.56787970662117]]
13: [4, 0, 1, 2] [[0.8244109749794006, 0.31464046239852905, 0.5926635563373566, 1.1198660358786583, 0.04813343286514282], [0.03598189353942871, 0.6524887979030609, 0.8259424269199371, 1.0148274060338736, 0.8458099812269211], [0.564031332731247, 0.0341494083404541, 0.6648881733417511, 0.9906041771173477, 0.29145514965057373], [0.7641396820545197, 0.6390813887119293, 0.05673491954803467, 0.9870614614337683, 0.5790315270423889]]
14: [0, 4, 1, 2] [[0.057409048080444336, 0.6065987050533295, 0.8373222649097443, 1.0148403076454997, 0.9476268067955971], [0.9781788364052773, 0.40409666299819946, 0.6253283619880676, 1.0982337445020676, 0.1037030816078186], [0.6371291875839233, 0.029026806354522705, 0.6827988624572754, 0.982106413692236, 0.4405168890953064], [0.8627175688743591, 0.6429817974567413, 0.06613278388977051, 0.9802069030702114, 0.6317178308963776]]
15: [0, 4, 1, 2] [[0.06474411487579346, 0.707967609167099, 0.8060100376605988, 1.0069522713311017, 0.982968732714653], [0.9377885572612286, 0.39492523670196533, 0.5887113809585571, 1.0486167147755623, 0.0547221302986145], [0.6889749765396118, 0.030797898769378662, 0.6490999460220337, 1.0313083119690418, 0.38909828662872314], [0.881555363535881, 0.6399309635162354, 0.041705310344696045, 0.9660044647753239, 0.6181327998638153]]
16: [0, 4, 1, 2, 3] [[0.035871028900146484, 0.6503685414791107, 0.9084327146410942, 1.0144930565729737, 0.9027621746063232], [0.9556590393185616, 0.38838011026382446, 0.5975968241691589, 1.0598072968423367, 0.04996609687805176], [0.6670162081718445, 0.044041216373443604, 0.5859118402004242, 0.9889076054096222, 0.3901422619819641], [0.8816134557127953, 0.6720269620418549, 0.10538464784622192, 1.0661747977137566, 0.7121230661869049], [1.058895967900753, 0.9972338208463043, 1.08818369358778, 0.03522533178329468, 1.0223353058099747]]
17: [0, 4, 1, 2] [[0.03689080476760864, 0.6156728863716125, 0.8321390599012375, 1.0423907861113548, 0.9436945132911205], [0.9799799267202616, 0.43803805112838745, 0.7272167503833771, 1.0389590226113796, 0.04215914011001587], [0.6451999843120575, 0.04291874170303345, 0.7619800269603729, 0.9718060158193111, 0.4129248857498169], [0.8824410364031792, 0.75210340321064, 0.21944552659988403, 1.0595937632024288, 0.6568779647350311]]
18: [0, 4, 1, 2, 3] [[0.030123531818389893, 0.7150574028491974, 0.9063914492726326, 1.0483090355992317, 1.022010575979948], [0.9614753015339375, 0.27966761589050293, 0.6957004368305206, 0.9859764529392123, 0.13084131479263306], [0.7835825234651566, 0.06303256750106812, 0.7285844087600708, 0.9217682257294655, 0.25328296422958374], [0.9244141653180122, 0.6865598559379578, 0.05016857385635376, 0.9460803419351578, 0.686651736497879], [0.981472996994853, 1.0602932684123516, 1.0673333555459976, 0.4287368059158325, 1.0154102751985192]]
19: [0, 4, 1, 2] [[0.05986285209655762, 0.7246835231781006, 0.8528861552476883, 0.9692756067961454, 0.9437317550182343], [0.9563632644712925, 0.34261953830718994, 0.6592614650726318, 1.0711427927017212, 0.07509392499923706], [0.6686906218528748, 0.051791369915008545, 0.7276605069637299, 1.1191872730851173, 0.32607752084732056], [0.8044769912958145, 0.6774400770664215, 0.1010633111000061, 1.0609177984297276, 0.7003417611122131]]
20: [0, 4, 1, 2] [[0.07223129272460938, 0.7185874283313751, 0.8595121651887894, 0.994168312754482, 0.9869527732953429], [1.013798974454403, 0.3579908609390259, 0.7056281566619873, 1.0159408152103424, 0.034137606620788574], [0.7212073802947998, 0.0472564697265625, 0.6016108989715576, 1.0556351765990257, 0.3429124355316162], [0.8505038022994995, 0.6559416949748993, 0.11805623769760132, 1.083077535033226, 0.7275769710540771]]
21: [0, 4, 1, 2] [[0.05089974403381348, 0.6853684484958649, 0.8269650638103485, 0.9385021217167377, 0.9873171374201775], [1.0209987964481115, 0.27501702308654785, 0.7159504294395447, 0.9220422133803368, 0.09516990184783936], [0.694445788860321, 0.03140383958816528, 0.6819097399711609, 1.005529683548957, 0.2917556166648865], [0.8528842329978943, 0.622507631778717, 0.09123402833938599, 1.0919139608740807, 0.682332456111908]]
22: [4, 0, 1, 2] [[0.974184749647975, 0.27806031703948975, 0.6514748930931091, 1.0056865778751671, 0.05290853977203369], [0.053046584129333496, 0.6664536893367767, 0.8495789617300034, 0.9650114178657532, 0.9320580810308456], [0.6494118869304657, 0.02227616310119629, 0.5971934199333191, 1.1038017719984055, 0.2585045099258423], [0.8500883877277374, 0.6452100276947021, 0.10100317001342773, 1.0048809559084475, 0.6375660598278046]]
23: [0, 4, 1, 2] [[0.06772661209106445, 0.6957130134105682, 0.8307488858699799, 0.9680002816021442, 1.0229831226170063], [1.0397319346666336, 0.276456356048584, 0.7060532569885254, 0.9754389878362417, 0.018294215202331543], [0.6756576001644135, 0.018121063709259033, 0.6910317838191986, 1.0923374593257904, 0.28987228870391846], [0.7772303372621536, 0.6388866901397705, 0.025785207748413086, 0.9888875717297196, 0.6587446928024292]]
24: [0, 4, 1, 2] [[0.033522963523864746, 0.661296546459198, 0.8010946065187454, 1.0055134468711913, 1.0198969524353743], [1.0186070781201124, 0.32900094985961914, 0.6572787463665009, 0.9416402541100979, 0.05168396234512329], [0.7092030048370361, 0.02382493019104004, 0.6462229788303375, 1.1447137594223022, 0.2976691722869873], [0.8030739724636078, 0.6506908535957336, 0.04160618782043457, 1.0398605205118656, 0.7313121259212494]]
25: [0, 4, 1, 2] [[0.03846907615661621, 0.7156504988670349, 0.7529732882976532, 0.9628228209912777, 1.0374894253909588], [1.1123601347208023, 0.37066757678985596, 0.7084679305553436, 0.8399212956428528, 0.08615827560424805], [0.7186563611030579, 0.03473496437072754, 0.6581447422504425, 1.0601733475923538, 0.39183610677719116], [0.7899817824363708, 0.6344980001449585, 0.05233335494995117, 1.0620292834937572, 0.6987692713737488]]
26: [0, 4, 1, 2] [[0.05071747303009033, 0.7678535729646683, 0.839203342795372, 0.9541530832648277, 1.1258696913719177], [1.0671264827251434, 0.41190117597579956, 0.6824885606765747, 0.9973453914280981, 0.10172510147094727], [0.7780585587024689, 0.06750577688217163, 0.6234313547611237, 0.9914119662716985, 0.3563145399093628], [0.8651402145624161, 0.7013892531394958, 0.11673307418823242, 0.8576255589723587, 0.7166908383369446]]
27: [4, 0, 1, 2] [[1.030640922486782, 0.2443515658378601, 0.7224496901035309, 0.9369004145264626, 0.12840300798416138], [0.03138047456741333, 0.7331165969371796, 0.7907820641994476, 0.9443524703383446, 1.0037478334270418], [0.7792504280805588, 0.08824425935745239, 0.6919872164726257, 0.9840393774211407, 0.238772451877594], [0.7695037871599197, 0.7177550494670868, 0.06437528133392334, 0.7892729192972183, 0.7689698189496994]]
28: [4, 0, 1, 2] [[0.9763937201350927, 0.2262364625930786, 0.7909074425697327, 0.9689476694911718, 0.04706168174743652], [0.05129295587539673, 0.8754627257585526, 0.8824732452630997, 0.9343458116054535, 1.026026301085949], [0.810219794511795, 0.05957072973251343, 0.6590581834316254, 1.0334564745426178, 0.2515832185745239], [0.8630466759204865, 0.5945276319980621, 0.06888771057128906, 0.9145795702934265, 0.696660727262497]]
29: [0, 1, 4, 2] [[0.09294402599334717, 0.6910823285579681, 0.7606064975261688, 0.9329686984419823, 0.9437412805855274], [0.6248495280742645, 0.06933826208114624, 0.6151846051216125, 1.040659748017788, 0.25586676597595215], [0.9168105870485306, 0.3529626727104187, 0.7127371728420258, 0.8990283161401749, 0.11906123161315918], [0.6994439661502838, 0.6693753898143768, 0.03985840082168579, 0.933463528752327, 0.7513840794563293]]
30: [0, 1, 4, 2] [[0.026719212532043457, 0.6437246799468994, 0.7338916659355164, 0.9865798829123378, 0.9667433016002178], [0.6958814859390259, 0.06099998950958252, 0.6974221765995026, 0.9978146047797054, 0.33850449323654175], [1.045006386935711, 0.3222895860671997, 0.756150096654892, 0.8363289535045624, 0.07940739393234253], [0.8111061304807663, 0.6728168427944183, 0.1283283233642578, 0.8597936779260635, 0.6742836534976959]]
31: [0, 4, 1, 2] [[0.04852259159088135, 0.6754425168037415, 0.7322730123996735, 0.9449208304286003, 1.0372863672673702], [0.9575115591287613, 0.2278767228126526, 0.6112006902694702, 0.9735557623207569, 0.07335400581359863], [0.6610200703144073, 0.10185617208480835, 0.5774466097354889, 0.9583362303674221, 0.24450993537902832], [0.765262633562088, 0.691311240196228, 0.09563249349594116, 0.867321640253067, 0.7047483623027802]]
32: [0, 4, 1, 2] [[0.022397637367248535, 0.6380212306976318, 0.750966027379036, 0.9564492478966713, 0.9537052996456623], [0.9117524847388268, 0.26322227716445923, 0.6700965464115143, 0.9143423214554787, 0.04937183856964111], [0.6256719827651978, 0.045527875423431396, 0.7308838665485382, 0.9924157406203449, 0.2579241394996643], [0.611328125, 0.6536494791507721, 0.17633581161499023, 0.9088086113333702, 0.6871476769447327]]
33: [0, 4, 1, 2] [[0.020611584186553955, 0.5905255377292633, 0.629128098487854, 0.9450914785265923, 0.876404419541359], [0.8944732770323753, 0.23332321643829346, 0.7102751731872559, 0.9905941775068641, 0.03314870595932007], [0.6532710492610931, 0.05595815181732178, 0.7362504303455353, 1.0258544832468033, 0.22146880626678467], [0.641140878200531, 0.7197794318199158, 0.11876535415649414, 0.9023610055446625, 0.7146138250827789]]
34: [0, 1, 4, 2] [[0.10923612117767334, 0.6674687564373016, 0.5543133020401001, 0.8357163071632385, 0.8747668862342834], [0.6542297005653381, 0.05717962980270386, 0.7580377906560898, 1.0073035475797951, 0.21764850616455078], [0.9272052571177483, 0.24210643768310547, 0.8158536106348038, 0.9008064866065979, 0.050620436668395996], [0.6410177052021027, 0.7467034757137299, 0.18145155906677246, 0.8333290964365005, 0.7493498623371124]]
35: [0, 1, 4] [[0.09653317928314209, 0.6815907061100006, 0.70403853058815, 0.9351087287068367, 0.9888971755281091], [0.6925611197948456, 0.02782219648361206, 0.7073580324649811, 0.9762326944619417, 0.20632046461105347], [1.0559018850326538, 0.4101492166519165, 0.6741050183773041, 0.8864412754774094, 0.16496741771697998]]
36: [0, 4, 1, 2] [[0.026490986347198486, 0.6731517016887665, 0.7372335493564606, 0.9879599250853062, 1.098682962357998], [1.0199842285364866, 0.29395729303359985, 0.7234708666801453, 0.9133281633257866, 0.06712871789932251], [0.6517168283462524, 0.028149783611297607, 0.6980880796909332, 1.0054818508215249, 0.3034977316856384], [0.6528491973876953, 0.6972312331199646, 0.23908483982086182, 0.9055593684315681, 0.7161943018436432]]
37: [0, 4, 1, 2] [[0.06331026554107666, 0.573324054479599, 0.5973663628101349, 0.9250493869185448, 0.9631479345262051], [0.9477139078080654, 0.35153985023498535, 0.7852779626846313, 1.0167351607233286, 0.06908375024795532], [0.593705952167511, 0.03842902183532715, 0.7031923532485962, 1.023328399285674, 0.30248504877090454], [0.7386088073253632, 0.7004214227199554, 0.3629280924797058, 0.7083658874034882, 0.6219409704208374]]
38: [0, 4, 1, 2] [[0.028664708137512207, 0.6635844707489014, 0.748407393693924, 0.890125960111618, 0.9682262614369392], [1.0401098243892193, 0.3301122784614563, 0.6255378127098083, 0.9211852923035622, 0.06466084718704224], [0.6355876326560974, 0.061578333377838135, 0.7344337999820709, 0.959612276405096, 0.28376251459121704], [0.5805069804191589, 0.6882031261920929, 0.2572532892227173, 0.8127653747797012, 0.7474870383739471]]
39: [0, 4, 1, 2] [[0.02353602647781372, 0.6586960554122925, 0.5656777024269104, 0.9238647297024727, 1.0465067736804485], [0.9302662834525108, 0.19234031438827515, 0.7042663097381592, 0.9801665488630533, 0.0948224663734436], [0.6869851648807526, 0.027326762676239014, 0.6853320300579071, 0.9080657735466957, 0.19294148683547974], [0.6896341741085052, 0.5987066626548767, 0.35657209157943726, 0.7544863373041153, 0.45991945266723633]]
40: [1, 0, 4, 2] [[0.6519137620925903, 0.05138218402862549, 0.659590482711792, 0.9820624142885208, 0.2632967233657837], [0.06293827295303345, 0.6683596968650818, 0.6889811754226685, 0.8703655749559402, 0.8617025464773178], [0.8830013647675514, 0.2726956605911255, 0.467904269695282, 0.9783189371228218, 0.008825600147247314], [0.7186916768550873, 0.773423045873642, 0.11986255645751953, 0.8395581990480423, 0.5562325119972229]]
41: [0, 1, 4, 2] [[0.020890772342681885, 0.6687707304954529, 0.6803135275840759, 0.9486832581460476, 0.9068988040089607], [0.6759411990642548, 0.019576728343963623, 0.7425719201564789, 0.9838266968727112, 0.26699429750442505], [0.8909760266542435, 0.2574716806411743, 0.5671406388282776, 0.9949305891059339, 0.020257174968719482], [0.8036184012889862, 0.7030753791332245, 0.4208989143371582, 0.5599775314331055, 0.5507970750331879]]
42: [0, 4, 1, 2] [[0.05904650688171387, 0.5818638801574707, 0.8064794540405273, 0.8846132233738899, 0.853606641292572], [0.8893854320049286, 0.3375241756439209, 0.5398561358451843, 0.9867975767701864, 0.07010012865066528], [0.5702121257781982, 0.09476828575134277, 0.6539462804794312, 1.034111987799406, 0.3523108959197998], [0.5375296473503113, 0.6582357883453369, 0.4628622531890869, 0.9818206261843443, 0.5850822329521179]]
43: [0, 4, 1, 2] [[0.054657697677612305, 0.6675993204116821, 0.597113162279129, 0.8811198323965073, 0.9802842698991299], [0.9733133744448423, 0.27161508798599243, 0.6015098989009857, 1.043445821851492, 0.09596353769302368], [0.7373801469802856, 0.09581130743026733, 0.7101903855800629, 0.8908491209149361, 0.28371530771255493], [0.8016543537378311, 0.5735965669155121, 0.3039509057998657, 0.8188166469335556, 0.551727831363678]]
44: [0, 4, 1, 2] [[0.06529867649078369, 0.657450258731842, 0.711209774017334, 0.8833913952112198, 0.8624112159013748], [0.8932446837425232, 0.28383487462997437, 0.559486985206604, 0.9647847153246403, 0.027851223945617676], [0.596171498298645, 0.06750792264938354, 0.5936954617500305, 0.9928439981304109, 0.2909209132194519], [0.5306642651557922, 0.6586107015609741, 0.2597280740737915, 0.7977504283189774, 0.6563376486301422]]
45: [4, 0, 1, 2] [[0.8695821315050125, 0.28892433643341064, 0.6063065230846405, 1.071480117738247, 0.041034042835235596], [0.07750505208969116, 0.6193658709526062, 0.5512018501758575, 0.9305385053157806, 0.8991627246141434], [0.60549396276474, 0.01446378231048584, 0.6780385076999664, 0.9769670348614454, 0.28348737955093384], [0.5377042889595032, 0.645576685667038, 0.11143642663955688, 0.7559307813644409, 0.6114890575408936]]
46: [4, 0, 1] [[0.8919307366013527, 0.2880600690841675, 0.6214015483856201, 1.0726437866687775, 0.029273271560668945], [0.09732633829116821, 0.5548297464847565, 0.5009567141532898, 0.8881767988204956, 0.8767034783959389], [0.5893317759037018, 0.03407806158065796, 0.7075779736042023, 1.0022688035387546, 0.3136975169181824]]
47: [0, 4, 1, 2] [[0.027914226055145264, 0.6193941831588745, 0.4994373917579651, 0.8718409389257431, 0.881743423640728], [0.9032898396253586, 0.31801116466522217, 0.571008950471878, 0.9126037508249283, 0.08254539966583252], [0.5210478007793427, 0.1643296480178833, 0.5402638912200928, 0.9688116144388914, 0.32669514417648315], [0.696663111448288, 0.4764353036880493, 0.11402010917663574, 0.8299255669116974, 0.4679262042045593]]
48: [1, 0, 4, 2] [[0.6498380899429321, 0.17785704135894775, 0.6473990380764008, 1.0096747120842338, 0.3195624351501465], [0.10933101177215576, 0.6676375865936279, 0.6079687476158142, 0.9450637325644493, 0.8051035553216934], [0.7673167884349823, 0.29312562942504883, 0.48402804136276245, 0.9893024833872914, 0.03315937519073486], [0.7502633333206177, 0.6372303068637848, 0.07494497299194336, 0.7457488477230072, 0.47458624839782715]]
49: [0, 4, 1, 2] [[0.07457762956619263, 0.6309232115745544, 0.7714979946613312, 0.8680106550455093, 0.7841130495071411], [0.7897259294986725, 0.26693522930145264, 0.47803008556365967, 0.9637530781328678, 0.013703107833862305], [0.5457017123699188, 0.06266415119171143, 0.582775354385376, 0.9716703128069639, 0.266751229763031], [0.8018895834684372, 0.5975977182388306, 0.039716124534606934, 0.7534023076295853, 0.4671393036842346]]
50: [0, 4, 1, 3] [[0.02512204647064209, 0.5673028826713562, 0.7974724918603897, 0.9313182830810547, 0.7782343626022339], [0.7940161228179932, 0.292466938495636, 0.5054064691066742, 0.9912235364317894, 0.025068342685699463], [0.5986445844173431, 0.018582522869110107, 0.5589426755905151, 1.0042170812375844, 0.2415943741798401], [0.8938658684492111, 0.7723954021930695, 0.705572247505188, 0.3712834119796753, 0.6995730996131897]]
51: [0, 4, 1, 2] [[0.09108644723892212, 0.7160230278968811, 0.8163833916187286, 0.7998997122049332, 0.7995999902486801], [0.7758631706237793, 0.2621069550514221, 0.5318393409252167, 0.8201114237308502, 0.049624621868133545], [0.6696422398090363, 0.04965299367904663, 0.5966053903102875, 0.7350144386291504, 0.17834997177124023], [0.6631294190883636, 0.5939686894416809, 0.06126207113265991, 0.7205694019794464, 0.5760350227355957]]
52: [1, 0, 4] [[0.6664818525314331, 0.074321448802948, 0.6086510717868805, 0.7871576249599457, 0.28945112228393555], [0.0951189398765564, 0.5850186347961426, 0.6047583818435669, 0.8291353732347488, 0.7854770123958588], [0.8300285488367081, 0.3263823986053467, 0.5764913260936737, 0.7106492519378662, 0.04115581512451172]]
53: [4, 0, 1] [[0.7719806581735611, 0.27221977710723877, 0.5586682558059692, 0.7990879565477371, 0.04339241981506348], [0.18851512670516968, 0.5875622034072876, 0.44912755489349365, 0.7756980955600739, 0.632240504026413], [0.5925665497779846, 0.13905060291290283, 0.5837567746639252, 0.6147333979606628, 0.2632615566253662]]
54: [0, 4, 1] [[0.06936037540435791, 0.6497323513031006, 0.5541867315769196, 0.8082209825515747, 0.7017529010772705], [0.699122965335846, 0.20938795804977417, 0.5158537030220032, 0.7150173187255859, 0.024144887924194336], [0.6324439644813538, 0.09342873096466064, 0.6088654100894928, 0.7846769243478775, 0.2169303297996521]]
55: [0, 1, 4] [[0.024028420448303223, 0.6823875904083252, 0.5551900565624237, 0.7765709757804871, 0.718881368637085], [0.7313312888145447, 0.036512792110443115, 0.6178702116012573, 0.7610751688480377, 0.2376500964164734], [0.766320213675499, 0.2864863872528076, 0.5389445722103119, 0.6250391006469727, 0.050230979919433594]]
56: [4, 0, 1] [[0.7419171035289764, 0.2702140808105469, 0.5099552273750305, 0.8195863962173462, 0.12089473009109497], [0.12877613306045532, 0.6245630979537964, 0.5641938745975494, 0.8318207263946533, 0.7958982288837433], [0.6729599833488464, 0.0336187481880188, 0.6341462433338165, 0.7039327025413513, 0.29393547773361206]]
57: [4, 0, 1, 2] [[0.7669293433427811, 0.3172074556350708, 0.5165661871433258, 0.7924406677484512, 0.028981328010559082], [0.06813102960586548, 0.6922706067562103, 0.5767260789871216, 0.8385094702243805, 0.7213445007801056], [0.6476089954376221, 0.04039478302001953, 0.611503392457962, 0.7546609044075012, 0.26936060190200806], [0.4619341492652893, 0.7058729529380798, 0.10858285427093506, 0.8351802825927734, 0.6566035747528076]]
58: [0, 4, 1, 2] [[0.03821992874145508, 0.615498960018158, 0.426055908203125, 0.7980506420135498, 0.7300008237361908], [0.7312848567962646, 0.24875164031982422, 0.6382827758789062, 0.7304019927978516, 0.056460678577423096], [0.5716269910335541, 0.05317950248718262, 0.6613194942474365, 0.8133829534053802, 0.2803596258163452], [0.43158531188964844, 0.6974858343601227, 0.025719106197357178, 0.8621890991926193, 0.6640899181365967]]
59: [0, 4, 1, 2] [[0.05703228712081909, 0.6081965267658234, 0.4618406891822815, 0.7891390174627304, 0.710130512714386], [0.7377266585826874, 0.30379921197891235, 0.6731732487678528, 0.7205134928226471, 0.041833579540252686], [0.6123114228248596, 0.028268039226531982, 0.7298854291439056, 0.7142750918865204, 0.30252212285995483], [0.3746263384819031, 0.6938154399394989, 0.032436251640319824, 0.7685235291719437, 0.6477808058261871]]
60: [4, 0, 1] [[0.7512152940034866, 0.3525409698486328, 0.6752193570137024, 0.8343930542469025, 0.03264510631561279], [0.012657701969146729, 0.6344382166862488, 0.34753257036209106, 0.7994826138019562, 0.765844002366066], [0.6460876762866974, 0.08009517192840576, 0.7017910480499268, 0.785754844546318, 0.3354073762893677]]
61: [0, 1, 4, 2] [[0.1615472435951233, 0.49334895610809326, 0.41966712474823, 0.8960919603705406, 0.8548311442136765], [0.49349433183670044, 0.05852198600769043, 0.6529628336429596, 0.7619885951280594, 0.3310929536819458], [0.8285883665084839, 0.285195529460907, 0.6721290647983551, 0.7392752766609192, 0.05816543102264404], [0.46104609966278076, 0.684471607208252, 0.09438014030456543, 0.8184096068143845, 0.6704804301261902]]
62: [0, 4, 1, 2] [[0.09822583198547363, 0.559627890586853, 0.4247984290122986, 0.7896218001842499, 0.7179942727088928], [0.7080873548984528, 0.29373157024383545, 0.6605816185474396, 0.7332622408866882, 0.020449399948120117], [0.6477475464344025, 0.026064395904541016, 0.7167878150939941, 0.8113891333341599, 0.2633747458457947], [0.41790324449539185, 0.692876011133194, 0.02740412950515747, 0.8023815155029297, 0.636783629655838]]
63: [4, 0, 1] [[0.7601056545972824, 0.24712002277374268, 0.6169329285621643, 0.7928390800952911, 0.02945530414581299], [0.019288361072540283, 0.6675602197647095, 0.4302934408187866, 0.7786529213190079, 0.7303871214389801], [0.6444940865039825, 0.046526432037353516, 0.7363855838775635, 0.7578787356615067, 0.2637109160423279]]
64: [0, 4, 4, 2] [[0.021742165088653564, 0.5893445014953613, 0.46713757514953613, 0.749927282333374, 0.7316641509532928], [0.6731244325637817, 0.24282199144363403, 0.630975604057312, 0.7032079100608826, 0.027264893054962158], [0.4577803611755371, 0.1420971155166626, 0.6286689043045044, 0.6098695695400238, 0.12513130903244019], [0.5852866768836975, 0.7410958409309387, 0.036792635917663574, 0.7985856086015701, 0.6497100293636322]]
65: [1, 4, 0, 2] [[0.5400311350822449, 0.022598326206207275, 0.7234551310539246, 0.7223510146141052, 0.10597723722457886], [0.7023409008979797, 0.21512573957443237, 0.6337907314300537, 0.7175242602825165, 0.14045727252960205], [0.06312966346740723, 0.4774118661880493, 0.5375281274318695, 0.7789337188005447, 0.7082979381084442], [0.6465297937393188, 0.6870020031929016, 0.04336714744567871, 0.7833026349544525, 0.5709002912044525]]
66: [4, 0, 1] [[0.6811473369598389, 0.2865371108055115, 0.5999981760978699, 0.7653646767139435, 0.05303686857223511], [0.07084786891937256, 0.5436156392097473, 0.6487837433815002, 0.7884600460529327, 0.6390967667102814], [0.5279327034950256, 0.044384896755218506, 0.6374629735946655, 0.6780003905296326, 0.22579097747802734]]
67: [4, 1, 0] [[0.670475572347641, 0.23335027694702148, 0.5852099061012268, 0.8111118972301483, 0.036373257637023926], [0.5328902006149292, 0.045951008796691895, 0.6463347375392914, 0.702776312828064, 0.23687142133712769], [0.03428000211715698, 0.4830555319786072, 0.5708261132240295, 0.817913681268692, 0.6372124254703522]]
68: [0, 4, 1, 2] [[0.0324711799621582, 0.5030077993869781, 0.6559419631958008, 0.7558192312717438, 0.659363716840744], [0.6214599311351776, 0.22525715827941895, 0.5510804653167725, 0.7911391109228134, 0.008587121963500977], [0.5007346272468567, 0.0633997917175293, 0.570854127407074, 0.6258343160152435, 0.24650919437408447], [0.46833616495132446, 0.6211593151092529, 0.18897509574890137, 0.8066717386245728, 0.49237775802612305]]
69: [4, 1, 0] [[0.5749064385890961, 0.24084526300430298, 0.4684489369392395, 0.7663598954677582, 0.013768553733825684], [0.43001413345336914, 0.04987442493438721, 0.5762192904949188, 0.757429912686348, 0.21069753170013428], [0.031171977519989014, 0.4366532564163208, 0.3964027762413025, 0.7700236439704895, 0.5990312099456787]]
70: [0, 4, 2, 1] [[0.03414309024810791, 0.4038711190223694, 0.4491040110588074, 0.7288357019424438, 0.5652078986167908], [0.5596178472042084, 0.21897780895233154, 0.5219154059886932, 0.744179368019104, 0.03386920690536499], [0.669448584318161, 0.6192294061183929, 0.106159508228302, 0.7809419184923172, 0.5126595795154572], [0.4395660161972046, 0.12383168935775757, 0.6141149997711182, 0.6066851615905762, 0.2873271703720093]]
71: [0, 1, 4, 2] [[0.014726877212524414, 0.44995594024658203, 0.652739942073822, 0.757806584239006, 0.5438344776630402], [0.5506933927536011, 0.11936819553375244, 0.5818049609661102, 0.6771758496761322, 0.30110645294189453], [0.5603030025959015, 0.28645986318588257, 0.4711301326751709, 0.7459605038166046, 0.024426400661468506], [0.6042267084121704, 0.5469255447387695, 0.01656174659729004, 0.7640207558870316, 0.46113723516464233]]
72: [4, 0, 1, 2] [[0.5787146985530853, 0.3369007110595703, 0.5489845871925354, 0.757293775677681, 0.036785662174224854], [0.0513157844543457, 0.5232705175876617, 0.5113816857337952, 0.773659348487854, 0.5454502701759338], [0.494255006313324, 0.027316808700561523, 0.5693089067935944, 0.6204596757888794, 0.3033473491668701], [0.538076788187027, 0.5486450791358948, 0.03373527526855469, 0.8036847561597824, 0.56048583984375]]
73: [1, 0, 4] [[0.5436834394931793, 0.06349825859069824, 0.6116714477539062, 0.6992708742618561, 0.32370442152023315], [0.04929476976394653, 0.5115187168121338, 0.6285060942173004, 0.7342244982719421, 0.5350763201713562], [0.507614016532898, 0.2995914816856384, 0.5182383060455322, 0.757450133562088, 0.015348494052886963]]
74: [4, 1, 0] [[0.5747664868831635, 0.2975574731826782, 0.4961661100387573, 0.8527054935693741, 0.04920321702957153], [0.36700451374053955, 0.08549046516418457, 0.5195409059524536, 0.7590874135494232, 0.18956303596496582], [0.09660619497299194, 0.4069058299064636, 0.5142122209072113, 0.7531832754611969, 0.5240044295787811]]
75: [4, 0, 1] [[0.5726693272590637, 0.19081240892410278, 0.48188406229019165, 0.8026748895645142, 0.02313232421875], [0.04901301860809326, 0.3986692428588867, 0.5670078694820404, 0.7601880431175232, 0.6388000547885895], [0.4139899015426636, 0.013586759567260742, 0.5132968127727509, 0.7237114012241364, 0.17364555597305298]]
76: [4, 1, 0] [[0.596612811088562, 0.20190507173538208, 0.5505785346031189, 0.665006011724472, 0.0701325535774231], [0.41146165132522583, 0.051876962184906006, 0.5167918801307678, 0.6566900908946991, 0.25179266929626465], [0.1382824182510376, 0.4161738157272339, 0.5057134628295898, 0.7878960520029068, 0.5167807340621948]]
77: [4, 1, 0, 2] [[0.5434817373752594, 0.24715274572372437, 0.4806376099586487, 0.7416747212409973, 0.027532637119293213], [0.3771783709526062, 0.02723085880279541, 0.4700549840927124, 0.5920305848121643, 0.2381126880645752], [0.07875323295593262, 0.35070133209228516, 0.5189402401447296, 0.7585098743438721, 0.6115298867225647], [0.5502153635025024, 0.5688064992427826, 0.0431673526763916, 0.8746109753847122, 0.5529234707355499]]
78: [0, 2, 4, 1] [[0.0690106749534607, 0.405686616897583, 0.5919614136219025, 0.7638996541500092, 0.6192445456981659], [0.6030761301517487, 0.5856098532676697, 0.04663962125778198, 0.8072027415037155, 0.5533927381038666], [0.5104626715183258, 0.2239815592765808, 0.5487863123416901, 0.7412504851818085, 0.05448371171951294], [0.4393618702888489, 0.017234861850738525, 0.6049113273620605, 0.5799217820167542, 0.2587318420410156]]
79: [1, 0, 4] [[0.4604082703590393, 0.04223912954330444, 0.5751398801803589, 0.6804451048374176, 0.22834014892578125], [0.04601830244064331, 0.4481083154678345, 0.5368160605430603, 0.7389780580997467, 0.47636157274246216], [0.5046855807304382, 0.19322848320007324, 0.5655197501182556, 0.645781934261322, 0.027244389057159424]]
80: [4, 0, 1] [[0.5474993586540222, 0.2126278281211853, 0.5908970832824707, 0.7100537121295929, 0.031123578548431396], [0.034775733947753906, 0.434157133102417, 0.5429792404174805, 0.7762045860290527, 0.5506663918495178], [0.33667707443237305, 0.03291052579879761, 0.5853602588176727, 0.6652226746082306, 0.2681771516799927]]
81: [4, 1, 2, 0] [[0.5043152272701263, 0.2475675344467163, 0.579853743314743, 0.685875654220581, 0.03342747688293457], [0.36606740951538086, 0.06599873304367065, 0.5880935490131378, 0.7732732743024826, 0.16079819202423096], [0.6171415150165558, 0.6210687458515167, 0.030690550804138184, 0.7905397713184357, 0.5756799280643463], [0.0665331482887268, 0.4675445556640625, 0.5438211560249329, 0.7208018898963928, 0.5554593801498413]]
82: [4, 1, 2, 0] [[0.607597827911377, 0.1714039444923401, 0.5979446172714233, 0.7224307358264923, 0.016466856002807617], [0.4309445023536682, 0.059340476989746094, 0.6001730263233185, 0.726354330778122, 0.26393359899520874], [0.5827383995056152, 0.5315961539745331, 0.05693298578262329, 0.8226019144058228, 0.5172997117042542], [0.02258431911468506, 0.37692445516586304, 0.5562798082828522, 0.760274738073349, 0.5492497682571411]]
83: [4, 1, 0] [[0.5814664363861084, 0.29735034704208374, 0.5145208537578583, 0.7896116375923157, 0.024839282035827637], [0.35964858531951904, 0.05427283048629761, 0.5723128318786621, 0.6240175366401672, 0.3454834222793579], [0.04279524087905884, 0.2952372431755066, 0.5673362910747528, 0.789571151137352, 0.5325194597244263]]
84: [1, 4, 0] [[0.37901002168655396, 0.09994655847549438, 0.5506665110588074, 0.717686265707016, 0.2203485369682312], [0.5359033048152924, 0.2148570418357849, 0.46917086839675903, 0.8067004233598709, 0.018934786319732666], [0.03314816951751709, 0.40999293327331543, 0.6007806360721588, 0.7710374742746353, 0.600584089756012]]
85: [2, 4, 1, 0] [[0.540585994720459, 0.6812620162963867, 0.07355105876922607, 0.8434387743473053, 0.5846390724182129], [0.5117480456829071, 0.19973766803741455, 0.5941474735736847, 0.7190629541873932, 0.027668476104736328], [0.310336709022522, 0.1066858172416687, 0.6247356235980988, 0.7019844651222229, 0.2886230945587158], [0.008877813816070557, 0.2966700792312622, 0.5575193166732788, 0.7776222974061966, 0.5108042359352112]]
86: [2, 0, 1, 4] [[0.5725501477718353, 0.624298095703125, 0.014599442481994629, 0.8417835384607315, 0.5623706579208374], [0.017030000686645508, 0.32722145318984985, 0.5829081833362579, 0.8113529831171036, 0.5072789788246155], [0.37138062715530396, 0.0392720103263855, 0.6530428528785706, 0.7247558832168579, 0.22902435064315796], [0.5104670822620392, 0.2180899977684021, 0.5436237454414368, 0.7357856929302216, 0.01222693920135498]]
87: [2, 0, 4, 1] [[0.5866075754165649, 0.6733907461166382, 0.01876986026763916, 0.855875551700592, 0.5775215923786163], [0.02333468198776245, 0.4074077010154724, 0.6000032424926758, 0.7975412607192993, 0.5565481185913086], [0.603754073381424, 0.3032476305961609, 0.676076203584671, 0.6977125704288483, 0.03925663232803345], [0.45653265714645386, 0.02117788791656494, 0.6849588453769684, 0.6723737418651581, 0.3080975413322449]]
88: [4, 0, 1] [[0.6290112733840942, 0.289600670337677, 0.6592095196247101, 0.7315128147602081, 0.028833627700805664], [0.03020423650741577, 0.49334025382995605, 0.6092833578586578, 0.8349704295396805, 0.6285987198352814], [0.49277395009994507, 0.054516375064849854, 0.7162113785743713, 0.6881108582019806, 0.3430420756340027]]
89: [4, 1, 0] [[0.6157478988170624, 0.31134355068206787, 0.6203484833240509, 0.7704029083251953, 0.012651383876800537], [0.5341638922691345, 0.12552094459533691, 0.7220676839351654, 0.6111637055873871, 0.2172895073890686], [0.05834805965423584, 0.48481500148773193, 0.600605845451355, 0.7686358392238617, 0.574368804693222]]
90: [0, 1, 4] [[0.048090219497680664, 0.5523644983768463, 0.6714031398296356, 0.7984691560268402, 0.6631190180778503], [0.536857396364212, 0.031705498695373535, 0.7240170538425446, 0.5365265607833862, 0.23923921585083008], [0.6474977731704712, 0.25162822008132935, 0.6163157224655151, 0.7321673929691315, 0.02163875102996826]]
91: [0, 1, 4] [[0.06973743438720703, 0.4769255518913269, 0.5257120430469513, 0.8096275627613068, 0.5676827430725098], [0.43299198150634766, 0.01991713047027588, 0.6836012601852417, 0.5395532846450806, 0.21816295385360718], [0.5025875568389893, 0.22466617822647095, 0.6171676814556122, 0.7428870797157288, 0.020892977714538574]]
92: [2, 4, 0, 1] [[0.4431699514389038, 0.6690711081027985, 0.041784584522247314, 0.780417412519455, 0.6352024078369141], [0.5403984189033508, 0.21028387546539307, 0.64266636967659, 0.6864881813526154, 0.018246233463287354], [0.041068434715270996, 0.47580450773239136, 0.5228572487831116, 0.8112454116344452, 0.585155576467514], [0.4715782403945923, 0.016659975051879883, 0.6520719528198242, 0.5509346425533295, 0.2096288800239563]]
93: [4, 1, 0] [[0.6351765394210815, 0.277615487575531, 0.7452185750007629, 0.6991914808750153, 0.07986193895339966], [0.5191580057144165, 0.038865625858306885, 0.5689184069633484, 0.572421133518219, 0.3550918698310852], [0.06375271081924438, 0.4794139266014099, 0.42588210105895996, 0.7821075022220612, 0.6094937920570374]]
94: [4, 0, 1] [[0.5888811349868774, 0.2661899924278259, 0.6768403947353363, 0.7228590846061707, 0.04403573274612427], [0.04437911510467529, 0.5086454153060913, 0.5378583371639252, 0.7794597744941711, 0.6029825210571289], [0.4992085099220276, 0.08288466930389404, 0.7482862770557404, 0.5574002265930176, 0.18602478504180908]]
95: [1, 4, 0] [[0.4609021544456482, 0.03987479209899902, 0.6948810517787933, 0.6396660208702087, 0.20802295207977295], [0.6072424948215485, 0.20776700973510742, 0.6484502255916595, 0.722277820110321, 0.025635123252868652], [0.01230400800704956, 0.43368667364120483, 0.49891167879104614, 0.800691157579422, 0.5892553329467773]]
96: [1, 0, 4, 2] [[0.45641064643859863, 0.08054035902023315, 0.7782867699861526, 0.6812712550163269, 0.19170236587524414], [0.0185319185256958, 0.47054386138916016, 0.47153306007385254, 0.8267973512411118, 0.5799085199832916], [0.5757727324962616, 0.1921026110649109, 0.6324760615825653, 0.7510067075490952, 0.0227506160736084], [0.5605283081531525, 0.6470605731010437, 0.07734709978103638, 0.8174597322940826, 0.5035175681114197]]
97: [0, 1, 4] [[0.027517616748809814, 0.4814409613609314, 0.5646760165691376, 0.8249798268079758, 0.5779064893722534], [0.4241219758987427, 0.06182891130447388, 0.5630156993865967, 0.624834805727005, 0.17518174648284912], [0.5215758681297302, 0.15818285942077637, 0.4752501845359802, 0.7695895731449127, 0.0342596173286438]]
98: [1, 2, 4, 0] [[0.44005900621414185, 0.019241929054260254, 0.6016496419906616, 0.6632209718227386, 0.13865822553634644], [0.5133734047412872, 0.6452634036540985, 0.022404134273529053, 0.8790640234947205, 0.5159847140312195], [0.4622241258621216, 0.1294758915901184, 0.5109521150588989, 0.734859973192215, 0.025205373764038086], [0.017632782459259033, 0.3992648720741272, 0.4503520727157593, 0.8136568069458008, 0.3975958824157715]]
99: [2, 4, 0, 1] [[0.5460380911827087, 0.6053355038166046, 0.03723645210266113, 0.8161893337965012, 0.4672906994819641], [0.49868345260620117, 0.14830690622329712, 0.49670153856277466, 0.7870230376720428, 0.03780508041381836], [0.04154002666473389, 0.4002949595451355, 0.5768052339553833, 0.764398455619812, 0.5347298979759216], [0.31565117835998535, 0.08083927631378174, 0.5298457145690918, 0.6273840069770813, 0.24005287885665894]]
100: [2, 0, 1, 4] [[0.5660144686698914, 0.5351443290710449, 0.023356497287750244, 0.8430022299289703, 0.47120702266693115], [0.05819559097290039, 0.3146167993545532, 0.6207141876220703, 0.8074249625205994, 0.4924665689468384], [0.44320112466812134, 0.07481396198272705, 0.553166925907135, 0.6092785000801086, 0.18626201152801514], [0.46583062410354614, 0.15236032009124756, 0.4316864013671875, 0.7341356873512268, 0.02668684720993042]]
101: [2, 1, 4, 0] [[0.5497569143772125, 0.6319357752799988, 0.05330836772918701, 0.8824446201324463, 0.4955971837043762], [0.26462966203689575, 0.10135519504547119, 0.6043513119220734, 0.618078887462616, 0.20233535766601562], [0.36414796113967896, 0.1663808822631836, 0.48908889293670654, 0.7490932047367096, 0.04284709692001343], [0.04313689470291138, 0.36366474628448486, 0.5878106951713562, 0.8290274292230606, 0.4483490586280823]]
102: [0, 4, 2, 1] [[0.025342345237731934, 0.30288320779800415, 0.5950354933738708, 0.8076198101043701, 0.40839284658432007], [0.5426975786685944, 0.25819826126098633, 0.4699726700782776, 0.8246705532073975, 0.06031084060668945], [0.6106758713722229, 0.5839714109897614, 0.02691030502319336, 0.8513766676187515, 0.44455957412719727], [0.22769838571548462, 0.1123386025428772, 0.5036163330078125, 0.6094934940338135, 0.3903515338897705]]
103: [0, 4, 2, 4] [[0.036415934562683105, 0.30042749643325806, 0.6115537881851196, 0.7929037511348724, 0.5882432460784912], [0.5255365073680878, 0.25789690017700195, 0.5245096683502197, 0.6223900318145752, 0.16568779945373535], [0.5541914403438568, 0.4869510531425476, 0.01728355884552002, 0.8818904310464859, 0.551597535610199], [0.5100445747375488, 0.27278077602386475, 0.46028298139572144, 0.7310236692428589, 0.17148184776306152]]
104: [2, 0, 4, 4] [[0.6501422226428986, 0.5242156386375427, 0.03394758701324463, 0.8367758691310883, 0.448563814163208], [0.028017938137054443, 0.34244853258132935, 0.6495583057403564, 0.7906182557344437, 0.55230712890625], [0.5925395488739014, 0.278422474861145, 0.48062217235565186, 0.6661337614059448, 0.21349281072616577], [0.5628072917461395, 0.28166770935058594, 0.4958285093307495, 0.7076393961906433, 0.21223634481430054]]
105: [2, 4, 4, 0] [[0.920868456363678, 0.6015056669712067, 0.2251080870628357, 0.7413754165172577, 0.5465344488620758], [0.5746227502822876, 0.26997441053390503, 0.5490584969520569, 0.6942068636417389, 0.019143879413604736], [0.5728903412818909, 0.2682464122772217, 0.5710954368114471, 0.5999253392219543, 0.19468563795089722], [0.07450169324874878, 0.24633866548538208, 0.789604589343071, 0.8260108232498169, 0.5593082904815674]]
106: [4, 0, 1] [[0.5621481537818909, 0.32721638679504395, 0.5208077728748322, 0.7769237458705902, 0.22376149892807007], [0.0380173921585083, 0.2660320997238159, 0.8531920611858368, 0.8442763239145279, 0.5192654728889465], [0.3410896062850952, 0.11667084693908691, 0.5998125970363617, 0.6981678605079651, 0.2626163959503174]]
107: [0, 4, 1] [[0.02223879098892212, 0.360765278339386, 0.8576141148805618, 0.8309358060359955, 0.5064771175384521], [0.547881156206131, 0.30620211362838745, 0.5413114428520203, 0.7798242270946503, 0.010921776294708252], [0.4123837947845459, 0.030607104301452637, 0.5927183926105499, 0.6561615169048309, 0.21873146295547485]]
108: [0, 4, 1] [[0.012021005153656006, 0.4174971580505371, 0.8822771310806274, 0.8042168319225311, 0.5665300190448761], [0.5688113272190094, 0.2446380853652954, 0.5340741872787476, 0.8395276218652725, 0.010213255882263184], [0.48000746965408325, 0.02592843770980835, 0.5560613870620728, 0.7270509898662567, 0.2862015962600708]]
109: [0, 4, 1] [[0.0176236629486084, 0.4463479518890381, 0.813264861702919, 0.8074329048395157, 0.5853241384029388], [0.5207868218421936, 0.2330431342124939, 0.5216629505157471, 0.7284839451313019, 0.03256505727767944], [0.3517530560493469, 0.04202216863632202, 0.6102463901042938, 0.7531125694513321, 0.23302710056304932]]
110: [1, 4, 0] [[0.5538606643676758, 0.12011539936065674, 0.6475925445556641, 0.6423048079013824, 0.14682835340499878], [0.5633691251277924, 0.12629079818725586, 0.5516746044158936, 0.7258848249912262, 0.01587200164794922], [0.06889128684997559, 0.5217382311820984, 0.763829231262207, 0.8056479394435883, 0.5239983797073364]]
111: [0, 1, 4] [[0.08228760957717896, 0.5482659935951233, 0.8649744242429733, 0.8500556498765945, 0.5508424043655396], [0.4873868227005005, 0.02497798204421997, 0.6100631654262543, 0.7040297985076904, 0.17585861682891846], [0.5372323095798492, 0.16856396198272705, 0.5269041955471039, 0.6706773042678833, 0.031089365482330322]]
112: [1, 0, 4] [[0.46161389350891113, 0.009665429592132568, 0.6134200990200043, 0.6635664999485016, 0.19440394639968872], [0.03080892562866211, 0.42177265882492065, 0.7957604676485062, 0.8360954374074936, 0.5057535767555237], [0.410098135471344, 0.1911914348602295, 0.537183940410614, 0.7870294004678726, 0.06554925441741943]]
113: [0, 1, 4] [[0.009050607681274414, 0.4324307441711426, 0.8143252432346344, 0.8502515554428101, 0.41275346279144287], [0.39855265617370605, 0.04364281892776489, 0.5610848069190979, 0.7140073180198669, 0.21964848041534424], [0.5353053510189056, 0.30324018001556396, 0.5806017518043518, 0.7142422199249268, 0.05931466817855835]]
114: [0, 1, 4] [[0.06443476676940918, 0.43596720695495605, 0.7679827958345413, 0.8226663768291473, 0.5450873076915741], [0.4506496787071228, 0.028189778327941895, 0.5143912732601166, 0.756963774561882, 0.298736035823822], [0.4749220609664917, 0.2559064030647278, 0.5226904451847076, 0.6781761050224304, 0.04894614219665527]]
115: [0, 4, 1] [[0.061610400676727295, 0.4358977675437927, 0.8906261697411537, 0.8073339462280273, 0.46147966384887695], [0.39965569972991943, 0.2326318621635437, 0.5352498888969421, 0.749384343624115, 0.02843618392944336], [0.27497708797454834, 0.06528282165527344, 0.5370916426181793, 0.715471088886261, 0.2556798458099365]]
116: [0, 4, 1] [[0.015819191932678223, 0.2725819945335388, 0.857451856136322, 0.8606034815311432, 0.3926072120666504], [0.5038004815578461, 0.37937700748443604, 0.5607302784919739, 0.801971897482872, 0.046866416931152344], [0.4026755094528198, 0.06318539381027222, 0.5317682325839996, 0.7601251900196075, 0.2713014483451843]]
117: [0, 4, 1] [[0.03310304880142212, 0.4031778573989868, 0.7687220424413681, 0.825259730219841, 0.4433746337890625], [0.42478030920028687, 0.2817157506942749, 0.5303294062614441, 0.8043624460697174, 0.009535431861877441], [0.4591703414916992, 0.030863285064697266, 0.48863452672958374, 0.7207072079181671, 0.2945696711540222]]
118: [0, 4, 1] [[0.03630548715591431, 0.45510029792785645, 0.8475762456655502, 0.8170354813337326, 0.48781752586364746], [0.38753753900527954, 0.21115094423294067, 0.5157299637794495, 0.7760151773691177, 0.03369462490081787], [0.422066330909729, 0.03570300340652466, 0.5464031994342804, 0.6661136150360107, 0.2298153042793274]]
119: [0, 4, 1] [[0.011509895324707031, 0.4197489619255066, 0.7825905829668045, 0.7980801314115524, 0.3696332573890686], [0.3286663889884949, 0.2010764479637146, 0.48324090242385864, 0.781514897942543, 0.036266863346099854], [0.28266626596450806, 0.09292316436767578, 0.5178443193435669, 0.7545781433582306, 0.1796451210975647]]
120: [4, 0, 1] [[0.42619919776916504, 0.1427885890007019, 0.5801556408405304, 0.7115979492664337, 0.13647383451461792], [0.009956657886505127, 0.3152971863746643, 0.7835119962692261, 0.7934120148420334, 0.45318567752838135], [0.3270738124847412, 0.163896381855011, 0.5111195743083954, 0.7607359290122986, 0.16535478830337524]]
121: [0, 1, 4] [[0.02398240566253662, 0.32153570652008057, 0.8648423850536346, 0.8270413279533386, 0.43327343463897705], [0.3799703121185303, 0.050402700901031494, 0.499583899974823, 0.7598381489515305, 0.11971390247344971], [0.40927571058273315, 0.15837854146957397, 0.5163435637950897, 0.6938820481300354, 0.03864926099777222]]
122: [0, 4, 1] [[0.04849398136138916, 0.3718578815460205, 0.7185593843460083, 0.7393698990345001, 0.38485002517700195], [0.4449787139892578, 0.14195996522903442, 0.5052380263805389, 0.7139148116111755, 0.028228938579559326], [0.38586896657943726, 0.015926122665405273, 0.5528202950954437, 0.7326260507106781, 0.19192588329315186]]
123: [0, 1, 4] [[0.015036821365356445, 0.3878670930862427, 0.7085984647274017, 0.704033225774765, 0.41326791048049927], [0.33470040559768677, 0.03462350368499756, 0.4994678497314453, 0.7558002322912216, 0.1864808201789856], [0.33006173372268677, 0.2669762969017029, 0.5131004452705383, 0.8552993088960648, 0.13471931219100952]]
124: [0, 4, 1] [[0.08769208192825317, 0.31519049406051636, 0.8679168969392776, 0.8414868712425232, 0.3976193070411682], [0.42749643325805664, 0.2361733317375183, 0.5886991620063782, 0.736033022403717, 0.08996909856796265], [0.32451194524765015, 0.021289706230163574, 0.464529812335968, 0.737497478723526, 0.21383488178253174]]
125: [4, 1, 0] [[0.47177886962890625, 0.20976334810256958, 0.5284559428691864, 0.72762131690979, 0.10495442152023315], [0.31605756282806396, 0.026255905628204346, 0.507762998342514, 0.7394091784954071, 0.20337903499603271], [0.17209094762802124, 0.38841336965560913, 0.7249996364116669, 0.7954990863800049, 0.4064719080924988]]
126: [4, 0, 1] [[0.42895328998565674, 0.20466363430023193, 0.5025613903999329, 0.7067108452320099, 0.021427273750305176], [0.07329040765762329, 0.3494563698768616, 0.6993514597415924, 0.8765620142221451, 0.381345272064209], [0.3621010184288025, 0.032483696937561035, 0.48945772647857666, 0.7638164162635803, 0.2605617642402649]]
127: [4, 0, 1] [[0.3347778916358948, 0.2889622449874878, 0.5918863117694855, 0.7212967276573181, 0.08059900999069214], [0.08689093589782715, 0.3522822856903076, 0.733468621969223, 0.7092304825782776, 0.3519675135612488], [0.3123924136161804, 0.040309906005859375, 0.5534784197807312, 0.7952211648225784, 0.2461516261100769]]
128: [0, 4, 1] [[0.0740201473236084, 0.3066760301589966, 0.8306500613689423, 0.7874126881361008, 0.38013720512390137], [0.3878517746925354, 0.31401485204696655, 0.5480298101902008, 0.6789229512214661, 0.035995423793792725], [0.3522322177886963, 0.018068909645080566, 0.5238792896270752, 0.7946732938289642, 0.3371233344078064]]
129: [1, 0, 4, 4] [[0.7023112177848816, 0.39291030168533325, 0.4247836470603943, 0.8222382813692093, 0.4070107340812683], [0.05821633338928223, 0.6804994642734528, 0.7672873586416245, 0.7887263149023056, 0.42087090015411377], [0.31340688467025757, 0.4322635531425476, 0.5303105115890503, 0.7425600290298462, 0.11262619495391846], [0.27859675884246826, 0.3637245297431946, 0.5142159759998322, 0.8081192076206207, 0.1981545090675354]]
130: [0, 4, 0] [[0.0471574068069458, 0.5936217308044434, 0.7222437262535095, 0.8089688867330551, 0.2617051601409912], [0.3140181303024292, 0.4579760432243347, 0.5333310067653656, 0.7665549218654633, 0.0649217963218689], [0.31672024726867676, 0.34038984775543213, 0.4730333089828491, 0.7855031490325928, 0.31849145889282227]]
131: [0, 4, 0] [[0.06525254249572754, 0.3924391269683838, 0.5398945510387421, 0.7272806465625763, 0.3192112445831299], [0.37352871894836426, 0.6677612066268921, 0.7829486578702927, 0.7046792209148407, 0.3218177556991577], [0.28836995363235474, 0.415902316570282, 0.44229960441589355, 0.7362113893032074, 0.40460675954818726]]
132: [4, 0, 4] [[0.41375601291656494, 0.693438321352005, 0.7594959884881973, 0.7998692691326141, 0.07019758224487305], [0.3215864300727844, 0.3648243546485901, 0.4930111765861511, 0.6837005019187927, 0.5168246626853943], [0.3317785859107971, 0.4330955743789673, 0.5340238511562347, 0.7415528893470764, 0.32536983489990234]]
133: [4, 0, 0] [[0.42284655570983887, 0.6782707273960114, 0.7710410952568054, 0.7135934233665466, 0.31478387117385864], [0.42665696144104004, 0.5162619650363922, 0.5069932043552399, 0.7861190736293793, 0.4343224763870239], [0.22225189208984375, 0.4512632489204407, 0.5574328899383545, 0.7003374099731445, 0.3850557804107666]]
134: [4, 0, 0] [[0.44667351245880127, 0.7347068190574646, 0.8539988249540329, 0.8340312242507935, 0.05709230899810791], [0.12481033802032471, 0.40119022130966187, 0.551630973815918, 0.6688439846038818, 0.3619529604911804], [0.24047452211380005, 0.38797467947006226, 0.45142269134521484, 0.7280506491661072, 0.3224722146987915]]
135: [4, 0, 0] [[0.3231741189956665, 0.692359209060669, 0.8256345689296722, 0.8340206444263458, 0.027884602546691895], [0.24064284563064575, 0.38155919313430786, 0.5814419090747833, 0.725463330745697, 0.2983064651489258], [0.18013131618499756, 0.36191534996032715, 0.5018785893917084, 0.7636022567749023, 0.31256580352783203]]
136: [0, 0, 4] [[0.20739489793777466, 0.4137701988220215, 0.5627624094486237, 0.6570111811161041, 0.3329962491989136], [0.33384960889816284, 0.51280677318573, 0.5081059038639069, 0.8003185838460922, 0.4023502469062805], [0.3637014627456665, 0.6305194795131683, 0.7428892552852631, 0.7650505155324936, 0.041356682777404785]]
137: [4, 4, 0] [[0.383320689201355, 0.6827832162380219, 0.8278331607580185, 0.795678585767746, 0.03579586744308472], [0.3697229027748108, 0.4055582284927368, 0.5723292827606201, 0.6606551706790924, 0.2228652834892273], [0.13265728950500488, 0.3589600920677185, 0.5121602714061737, 0.7979972958564758, 0.19146037101745605]]
138: [4, 0, 4] [[0.20472705364227295, 0.41563063859939575, 0.5317909717559814, 0.643094927072525, 0.04285705089569092], [0.224354088306427, 0.6480843722820282, 0.760836198925972, 0.7636256515979767, 0.3186790347099304], [0.2515249252319336, 0.3710394501686096, 0.49190402030944824, 0.8000486344099045, 0.1989465355873108]]
139: [4, 0, 4] [[0.3053378462791443, 0.43256694078445435, 0.5287516713142395, 0.629453182220459, 0.19550859928131104], [0.030818939208984375, 0.6402702033519745, 0.7328073084354401, 0.7622740864753723, 0.3157021403312683], [0.26155102252960205, 0.41369909048080444, 0.49544596672058105, 0.776554673910141, 0.21650850772857666]]
140: [4, 0, 0] [[0.38803184032440186, 0.33169281482696533, 0.4775216579437256, 0.6650177836418152, 0.28231602907180786], [0.01748502254486084, 0.6590291559696198, 0.7523036450147629, 0.7510059028863907, 0.39659690856933594], [0.32796210050582886, 0.5028708577156067, 0.5381353497505188, 0.8240656554698944, 0.3790895938873291]]
141: [4, 4, 0] [[0.35921114683151245, 0.3102560043334961, 0.5079557001590729, 0.8834209442138672, 0.15573269128799438], [0.32628029584884644, 0.6112544536590576, 0.726899117231369, 0.747379332780838, 0.2404719591140747], [0.10616695880889893, 0.36226141452789307, 0.5148934721946716, 0.7508819997310638, 0.21607011556625366]]
142: [4, 0] [[0.26830464601516724, 0.6773169338703156, 0.8281693160533905, 0.8006062805652618, 0.025574088096618652], [0.048999905586242676, 0.42519617080688477, 0.5072736442089081, 0.7913645058870316, 0.31654220819473267]]
143: [4, 0] [[0.29081976413726807, 0.554955393075943, 0.6906716823577881, 0.7573388963937759, 0.059118032455444336], [0.013954877853393555, 0.37532293796539307, 0.487854540348053, 0.8129151463508606, 0.25091391801834106]]
144: [0, 4] [[0.018091559410095215, 0.3581727147102356, 0.5061212480068207, 0.8098574578762054, 0.2427031397819519], [0.3067283630371094, 0.4201916456222534, 0.6154334843158722, 0.7108775675296783, 0.11802279949188232]]
145: [4, 0] [[0.2883559465408325, 0.4978068470954895, 0.6584465801715851, 0.7684530764818192, 0.04765266180038452], [0.031079888343811035, 0.37963342666625977, 0.5166231691837311, 0.8104386478662491, 0.2986285090446472]]
146: [4, 0] [[0.314566433429718, 0.6924392282962799, 0.7656041234731674, 0.7257779240608215, 0.0658453106880188], [0.03210270404815674, 0.4728396534919739, 0.5231708288192749, 0.8644941449165344, 0.34042155742645264]]
147: [0, 4] [[0.056880831718444824, 0.42244964838027954, 0.5166991651058197, 0.836571142077446, 0.3058740496635437], [0.3186032772064209, 0.5993994772434235, 0.720812052488327, 0.7835087478160858, 0.0528792142868042]]
148: [0, 4] [[0.02625340223312378, 0.3958330750465393, 0.50328728556633, 0.825238972902298, 0.3055707812309265], [0.42849618196487427, 0.5168868601322174, 0.688364714384079, 0.8376864194869995, 0.08746689558029175]]
149: [4, 0] [[0.41749054193496704, 0.48754334449768066, 0.6837410032749176, 0.8340992629528046, 0.008922815322875977], [0.05505943298339844, 0.2894133925437927, 0.4630134701728821, 0.8434153199195862, 0.37592393159866333]]
150: [4, 0] [[0.42632025480270386, 0.5733529925346375, 0.7494799792766571, 0.6352871060371399, 0.10110187530517578], [0.04884463548660278, 0.34595412015914917, 0.5365268886089325, 0.7367760837078094, 0.3303532600402832]]
151: [0, 4] [[0.2763075828552246, 0.46140122413635254, 0.5461085736751556, 0.9755136221647263, 0.5495637655258179], [0.33058834075927734, 0.36403292417526245, 0.593785285949707, 0.6951967477798462, 0.24517714977264404]]
152: [4] [[0.2911931872367859, 0.3736802935600281, 0.5453814268112183, 0.7000735998153687, 0.0506555438041687]]
153: [4] [[0.31855928897857666, 0.33931463956832886, 0.5363679826259613, 0.6977640390396118, 0.030653953552246094]]
154: [4] [[0.2913040518760681, 0.4125717878341675, 0.5781609416007996, 0.7710156589746475, 0.06194967031478882]]
155: [4] [[0.28042376041412354, 0.35102158784866333, 0.5165286958217621, 0.738906741142273, 0.020299851894378662]]
156: [4] [[0.29842352867126465, 0.3388059139251709, 0.5068883895874023, 0.7191682159900665, 0.03327655792236328]]
157: [0] [[0.150357186794281, 0.4708038568496704, 0.5384809970855713, 0.9836302399635315, 0.17508256435394287]]
266: [5] [[0.6665704846382141, 0.8110390305519104, 0.7032898366451263, 0.9976546582765877, 0.7773210406303406]]
267: [5] [[0.7062709927558899, 0.8744066804647446, 0.7369746267795563, 0.9790043774992228, 0.8330526947975159, 0.0823177695274353]]
268: [5] [[0.6922711431980133, 0.7862074822187424, 0.6277537941932678, 1.0234211198985577, 0.8137949109077454, 0.12648916244506836]]
