91: [0] [[]]
92: [0] [[0.015817880630493164]]
93: [0] [[0.0]]
94: [0] [[0.10285860300064087]]
95: [0] [[0.1441589593887329]]
96: [0] [[0.09549307823181152]]
97: [0] [[0.10274845361709595]]
98: [0] [[0.010588228702545166]]
99: [0] [[0.07601070404052734]]
100: [0] [[2.384185791015625e-07]]
101: [0] [[0.2581939697265625]]
102: [0] [[0.1812853217124939]]
103: [0] [[0.0]]
104: [0, 1] [[0.4543401598930359], [0.5770475566387177]]
105: [0, 1] [[0.010139524936676025, 0.5579876899719238], [0.5566860735416412, 0.00010842084884643555]]
106: [0, 1] [[0.224187970161438, 0.5241717398166656], [0.6463394165039062, 0.2410670518875122]]
107: [0, 1] [[0.026251018047332764, 0.670488715171814], [0.670488715171814, 0.0]]
108: [0, 1] [[0.0, 0.670488715171814], [0.670488715171814, 0.0]]
109: [0, 1] [[0.3346489667892456, 0.5566482543945312], [0.7634764015674591, 0.27629637718200684]]
110: [0, 1] [[0.052631258964538574, 0.768724650144577], [0.7254920601844788, 0.03816312551498413]]
111: [0, 1] [[0.24281549453735352, 0.8276435434818268], [0.8161978274583817, 0.06612807512283325]]
112: [0, 1] [[0.047425270080566406, 0.817649781703949], [0.7685282379388809, 0.0416753888130188]]
113: [0, 1] [[0.08394122123718262, 0.7848593294620514], [0.8345999121665955, 0.04168975353240967]]
114: [0, 1] [[0.15767347812652588, 0.6893044114112854], [0.6697341203689575, 0.0956469178199768]]
115: [0, 1] [[0.004036843776702881, 0.6610408425331116], [0.6309891045093536, 0.03344839811325073]]
116: [0, 1] [[0.40571004152297974, 0.6649699211120605], [0.6641405820846558, 0.09760987758636475]]
117: [0, 1] [[0.1483859419822693, 0.6433969438076019], [0.6496351361274719, 0.0013208985328674316]]
118: [0, 1] [[0.0002818107604980469, 0.6503918766975403], [0.6503918766975403, 0.0]]
119: [0, 1] [[0.17748188972473145, 0.8287508487701416], [0.7606428414583206, 0.42437487840652466]]
120: [0, 1] [[0.028527557849884033, 0.780186265707016], [0.7960332036018372, 0.12380063533782959]]
121: [0, 1] [[0.3048591613769531, 0.7260815799236298], [0.591120719909668, 0.26651471853256226]]
122: [0, 1] [[0.0015117526054382324, 0.5950142443180084], [0.5692044794559479, 0.031573474407196045]]
123: [0, 1] [[0.00012409687042236328, 0.5708921253681183], [0.5730268359184265, 0.0015124678611755371]]
124: [0] [[0.08107608556747437, 0.5866896212100983]]
125: [0] [[8.13603401184082e-05, 0.5854971706867218]]
126: [2] [[0.8337709307670593, 0.7777275443077087]]
127: [2] [[0.7362798750400543, 0.8055664449930191, 0.05250561237335205]]
128: [0] [[0.4517192244529724, 0.7460400760173798, 0.4763503074645996]]
129: [0] [[0.18835580348968506, 0.6818035542964935, 0.6451283693313599]]
130: [0] [[0.006891429424285889, 0.6971350610256195, 0.6212826073169708]]
131: [0] [[0.1547377109527588, 0.6743766069412231, 0.7456760406494141]]
132: [0] [[0.02315276861190796, 0.7289933562278748, 0.8024208098649979]]
133: [0] [[0.02779531478881836, 0.7041898965835571, 0.7280040979385376]]
134: [0] [[0.24178296327590942, 0.6949677169322968, 0.41132688522338867]]
135: [0] [[0.0008104443550109863, 0.7001360058784485, 0.42255473136901855]]
136: [0, 1] [[0.14711511135101318, 0.7323521673679352, 0.6475516855716705], [0.6755572259426117, 0.14444655179977417, 0.6817581951618195]]
137: [0, 1] [[0.004978656768798828, 0.6665612459182739, 0.618316113948822], [0.6795203387737274, 0.00418466329574585, 0.6863259375095367]]
138: [0, 1] [[0.005221068859100342, 0.6728617548942566, 0.6269247233867645], [0.6452769339084625, 0.020780980587005615, 0.6713058352470398]]
139: [0] [[0.08734482526779175, 0.697429358959198, 0.7962094694375992]]
140: [0] [[0.0014424920082092285, 0.7024197280406952, 0.7965967655181885]]
141: [0] [[0.11202031373977661, 0.6608453094959259, 0.7589826434850693]]
142: [0] [[0.011992037296295166, 0.6914065778255463, 0.7695925831794739]]
143: [0] [[0.0, 0.6914484798908234, 0.7696276903152466]]
144: [0] [[0.14085841178894043, 0.7201077342033386, 0.7361006140708923]]
145: [0, 1] [[0.0192987322807312, 0.7135589420795441, 0.748877614736557], [0.7504388242959976, 0.06972014904022217, 0.7820003479719162]]
146: [0, 1] [[0.03807973861694336, 0.7153861224651337, 0.6962253749370575], [0.7232304513454437, 0.05053514242172241, 0.7090683877468109]]
147: [0, 1] [[0.025559604167938232, 0.7323848009109497, 0.7435657680034637], [0.7344631850719452, 0.015231490135192871, 0.7131167948246002]]
148: [0, 1] [[4.172325134277344e-07, 0.7343698441982269, 0.7434871196746826], [0.7293063402175903, 0.012056112289428711, 0.6764525473117828]]
149: [0, 1] [[0.03507310152053833, 0.7847661525011063, 0.7308171689510345], [0.7182377576828003, 0.09169858694076538, 0.6658882796764374]]
150: [0, 1] [[0.04318082332611084, 0.6881912350654602, 0.6812524795532227], [0.6813784241676331, 0.0031899213790893555, 0.6547254025936127]]
151: [0, 1] [[0.04648935794830322, 0.6637958288192749, 0.748088002204895], [0.7393442392349243, 0.10224342346191406, 0.6332462430000305]]
152: [0, 1] [[0.09775477647781372, 0.7601986527442932, 0.5692046582698822], [0.7056741118431091, 0.046929121017456055, 0.6373371481895447]]
153: [0, 1] [[0.0005396008491516113, 0.704771488904953, 0.5681820511817932], [0.7054615914821625, 0.00017082691192626953, 0.6397559344768524]]
154: [0, 1] [[0.22416168451309204, 0.6704290807247162, 0.8091801702976227], [0.6630877554416656, 0.12424135208129883, 0.674861341714859]]
155: [0, 1] [[0.004730522632598877, 0.6667342483997345, 0.8262981623411179], [0.69959756731987, 0.021808981895446777, 0.7109019756317139]]
156: [0, 1] [[0.045469701290130615, 0.7314259111881256, 0.8009034991264343], [0.7028167843818665, 0.05860269069671631, 0.6698039770126343]]
157: [0, 1] [[0.04679584503173828, 0.686495453119278, 0.7838249802589417], [0.6863591969013214, 2.1755695343017578e-05, 0.6705975234508514]]
158: [0, 1] [[9.500980377197266e-05, 0.6866365373134613, 0.7835647016763687], [0.6866365373134613, 0.0, 0.6705975234508514]]
159: [0, 1] [[0.09991663694381714, 0.7214575707912445, 0.8092428594827652], [0.7403046488761902, 0.04316586256027222, 0.6776983439922333]]
160: [0, 1] [[0.031067848205566406, 0.7166643738746643, 0.7849230617284775], [0.7582043409347534, 0.010396122932434082, 0.6987059414386749]]
161: [0, 1] [[0.040783047676086426, 0.7208513021469116, 0.6768383681774139], [0.7091901004314423, 0.0319022536277771, 0.6271709501743317]]
162: [0, 1] [[0.06310927867889404, 0.7084656059741974, 0.8138820677995682], [0.68799889087677, 0.013424694538116455, 0.6020878255367279]]
163: [0, 1] [[0.005595564842224121, 0.6889971494674683, 0.7720023840665817], [0.6889971494674683, 0.0, 0.6020878255367279]]
164: [2, 1] [[0.3841232657432556, 0.5889608561992645, 0.32600921392440796], [0.781539186835289, 0.1643521785736084, 0.5372774004936218]]
165: [0, 1] [[0.09878426790237427, 0.7353057265281677, 0.23375308513641357], [0.778260737657547, 0.026960909366607666, 0.547037273645401]]
166: [0, 1] [[0.10300421714782715, 0.8299360275268555, 0.40075331926345825], [0.8685561418533325, 0.1118156909942627, 0.5951243340969086]]
167: [0, 1] [[0.004586279392242432, 0.8868388161063194, 0.4035082459449768], [0.938870757818222, 0.009029686450958252, 0.612420529127121]]
168: [0, 1] [[0.07796037197113037, 0.8799576461315155, 0.4193558692932129], [0.8799576461315155, 0.0, 0.612420529127121]]
169: [0, 1] [[0.11919963359832764, 1.0068688918836415, 0.48222875595092773], [1.0782750397920609, 0.16337502002716064, 0.7333417534828186]]
170: [0, 1] [[0.04401731491088867, 1.0391811020672321, 0.4514099955558777], [0.9458477161824703, 0.09088557958602905, 0.5516580045223236]]
171: [0, 1] [[0.06407022476196289, 0.88840601593256, 0.4361600875854492], [0.7873644530773163, 0.3358175754547119, 0.6374087035655975]]
172: [0, 1] [[0.026469409465789795, 0.8158147633075714, 0.4280238151550293], [0.8496177941560745, 0.05841660499572754, 0.5974624156951904]]
173: [0, 1] [[0.0068544745445251465, 0.8432068824768066, 0.4611859917640686], [0.8432068824768066, 0.0, 0.5974624156951904]]
174: [2, 1] [[0.5294603705406189, 0.3910366892814636, 0.24701964855194092], [0.8056116104125977, 0.05895853042602539, 0.45995521545410156]]
175: [2, 1] [[0.7139836549758911, 0.6191749274730682, 0.2547336220741272], [0.8031019866466522, 0.016281068325042725, 0.5820584297180176]]
176: [0, 1] [[0.1753162145614624, 0.6859182417392731, 0.42690885066986084], [0.6629356443881989, 0.24435466527938843, 0.5869704782962799]]
177: [0, 1] [[0.011232733726501465, 0.7215837240219116, 0.4198917746543884], [0.7107346057891846, 0.004187941551208496, 0.5890244543552399]]
178: [0, 1] [[0.12470495700836182, 0.892081968486309, 0.6838395595550537], [0.892081968486309, 0.0, 0.5890244543552399]]
179: [0, 1] [[0.07753044366836548, 0.7717530876398087, 0.6928384602069855], [0.7217369079589844, 0.4146782159805298, 0.7903765141963959]]
180: [0, 1] [[0.06487065553665161, 0.792937159538269, 0.745505303144455], [0.7970199435949326, 0.000850677490234375, 0.8002711683511734]]
181: [0, 1] [[0.05204486846923828, 0.7464807331562042, 0.6864880919456482], [0.7579596787691116, 0.17300117015838623, 0.8454447537660599]]
182: [0, 1] [[0.05841720104217529, 0.7803225815296173, 0.7480728924274445], [0.7881104648113251, 0.058343708515167236, 0.7669574469327927]]
183: [0, 1] [[0.12378841638565063, 0.7041361331939697, 0.8155434727668762], [0.7040224671363831, 0.00026923418045043945, 0.7647830545902252]]
184: [0, 1] [[0.019242942333221436, 0.7332045137882233, 0.7969988286495209], [0.7205183804035187, 0.046584129333496094, 0.8192884176969528]]
185: [0, 1] [[0.011874735355377197, 0.7252929210662842, 0.7666982412338257], [0.7461401224136353, 0.003155231475830078, 0.8145132511854172]]
186: [0] [[0.21729058027267456, 0.6616723835468292, 0.6824541985988617]]
187: [0] [[0.2713157534599304, 0.3659331798553467, 0.7527349144220352]]
188: [0] [[0.38088423013687134, 0.7461847364902496, 0.6744805574417114]]
189: [0, 1] [[0.053969502449035645, 0.722653865814209, 0.6359543204307556], [0.7253083884716034, 0.09848368167877197, 0.8432928174734116]]
190: [0, 1] [[0.025377869606018066, 0.7497192025184631, 0.6359282732009888], [0.7313294410705566, 0.009521305561065674, 0.8219126015901566]]
191: [0, 1] [[0.03602558374404907, 0.6962459981441498, 0.7071993947029114], [0.7072156071662903, 0.02672898769378662, 0.7996171563863754]]
192: [0, 1] [[0.0008859634399414062, 0.7110083997249603, 0.7075531780719757], [0.694948673248291, 0.005035400390625, 0.7823346853256226]]
193: [0, 1] [[0.00011992454528808594, 0.693322628736496, 0.7094463407993317], [0.703233540058136, 0.010056734085083008, 0.791215106844902]]
194: [0, 1] [[0.02262401580810547, 0.7066439688205719, 0.7242361009120941], [0.725527822971344, 0.014674007892608643, 0.797187328338623]]
195: [0, 1] [[0.005092144012451172, 0.7259608805179596, 0.6966505646705627], [0.7481635808944702, 0.009911060333251953, 0.7921453267335892]]
196: [0, 1] [[0.050589561462402344, 0.7384031414985657, 0.7660887986421585], [0.7502728700637817, 0.02092146873474121, 0.7935094982385635]]
197: [0, 1] [[0.10461074113845825, 0.6292820274829865, 0.8190401047468185], [0.6330483555793762, 0.004455924034118652, 0.7904742807149887]]
198: [0, 1] [[0.0037071704864501953, 0.6141615509986877, 0.8413514196872711], [0.6110111474990845, 0.008345305919647217, 0.7668948471546173]]
199: [0, 1] [[0.13891351222991943, 0.7423247396945953, 0.8266274183988571], [0.7068150639533997, 0.015642285346984863, 0.7684479057788849]]
200: [0, 1] [[0.00226515531539917, 0.7128723859786987, 0.8355902433395386], [0.7312615811824799, 0.007122993469238281, 0.7660725265741348]]
201: [0, 1] [[0.31045830249786377, 0.566469132900238, 0.6440396010875702], [0.6260889768600464, 0.019171595573425293, 0.7683425694704056]]
202: [0, 1] [[0.012500762939453125, 0.5556491017341614, 0.6540870070457458], [0.5421030223369598, 0.005868136882781982, 0.7511460334062576]]
203: [0, 1] [[3.159046173095703e-06, 0.5424026250839233, 0.6538529098033905], [0.5240742564201355, 0.004794478416442871, 0.7606965452432632]]
204: [0, 1] [[0.3570135831832886, 0.7380900979042053, 0.9685258381068707], [0.7532788068056107, 0.009724080562591553, 0.7411312162876129]]
205: [0, 1] [[0.029398024082183838, 0.778926283121109, 1.0421029143035412], [0.7563338577747345, 0.02019941806793213, 0.7053351104259491]]
206: [1] [[0.7787109613418579, 0.03733330965042114, 0.7359109818935394]]
207: [1] [[0.7310618758201599, 0.04617786407470703, 0.7389750480651855]]
208: [1] [[0.7427996695041656, 0.007304131984710693, 0.7253964841365814]]
209: [0, 1] [[0.37933123111724854, 0.39940983057022095, 0.8345488458871841], [0.41702765226364136, 0.15224671363830566, 0.6905008256435394]]
210: [0, 1] [[0.04225790500640869, 0.3798757791519165, 0.7675125747919083], [0.3982554078102112, 0.11519306898117065, 0.7215336859226227]]
211: [0, 1] [[0.09747469425201416, 0.41112756729125977, 0.7685577124357224], [0.37521791458129883, 0.24861937761306763, 0.7099162936210632]]
212: [0, 1] [[0.007906734943389893, 0.39687126874923706, 0.7734430283308029], [0.6738558411598206, 0.21398192644119263, 0.8041949272155762]]
213: [0, 1] [[4.0590763092041016e-05, 0.673684686422348, 0.7737011760473251], [0.3950987458229065, 0.1634616255760193, 0.6713704168796539]]
214: [0, 1] [[0.0940505862236023, 0.36217379570007324, 0.71720951795578], [0.4587528705596924, 0.10836559534072876, 0.7287083268165588]]
215: [0, 1] [[0.016759395599365234, 0.4300276041030884, 0.6940606534481049], [0.5147892832756042, 0.027039825916290283, 0.8060842901468277]]
216: [0, 1] [[0.05430120229721069, 0.5666944980621338, 0.7442091107368469], [0.7928590476512909, 0.2252233624458313, 0.9785016383975744]]
217: [0, 1] [[0.07024228572845459, 0.8518836796283722, 0.7532721906900406], [0.8484745621681213, 0.06361955404281616, 0.8451661020517349]]
218: [0, 1] [[0.0, 0.8484745621681213, 0.7532721906900406], [0.7868802398443222, 0.04650229215621948, 0.8938792273402214]]
219: [0, 1] [[0.10247504711151123, 0.6928333342075348, 0.6788175702095032], [0.6521508395671844, 0.11139541864395142, 0.9054588302969933]]
220: [0, 1] [[0.04346656799316406, 0.7269386649131775, 0.684021919965744], [0.646156519651413, 0.05943143367767334, 0.8909040167927742]]
221: [0, 1] [[0.01969015598297119, 0.6596738994121552, 0.7162803113460541], [0.8107924312353134, 0.25492167472839355, 1.0658963471651077]]
222: [0, 1] [[0.00014078617095947266, 0.8117675185203552, 0.7106823027133942], [0.8024560958147049, 0.1198660135269165, 1.0107156559824944]]
223: [0, 1] [[1.043081283569336e-05, 0.8031854033470154, 0.7109222114086151], [0.8100325465202332, 0.08246183395385742, 0.9473919570446014]]
224: [0, 1] [[0.13292092084884644, 0.6676147282123566, 0.7572051137685776], [0.8144852072000504, 0.1408788561820984, 1.0976812914013863]]
225: [0, 1] [[0.0537528395652771, 0.9088747724890709, 0.8302914947271347], [0.9241772517561913, 0.045291781425476074, 1.174030363559723]]
226: [0, 1] [[0.16409873962402344, 1.019775152206421, 0.7251177132129669], [1.0078316573053598, 0.09390449523925781, 1.1805818527936935]]
227: [0, 1] [[0.005485892295837402, 1.0180608741939068, 0.7505320161581039], [0.9687440954148769, 0.042796313762664795, 1.1157514154911041]]
228: [0, 1] [[0.0, 0.9687440954148769, 0.7505320161581039], [0.9908124366775155, 0.030642569065093994, 1.153360828757286]]
229: [1] [[1.072043165564537, 0.1021314263343811, 1.2557878196239471]]
230: [0, 1] [[0.05881917476654053, 1.0144499391317368, 0.701829731464386], [0.9944272469729185, 0.014233231544494629, 1.2519899308681488]]
231: [0, 1] [[0.04479110240936279, 1.015922226011753, 0.6768320202827454], [0.9570768363773823, 0.09430944919586182, 1.1716596186161041]]
232: [0, 1] [[0.013060688972473145, 0.9734209217131138, 0.669908732175827], [0.9818926975131035, 0.061159372329711914, 1.094073846936226]]
233: [0, 1] [[9.655952453613281e-06, 0.9822084251791239, 0.670069545507431], [0.971915140748024, 0.09406715631484985, 1.0987252369523048]]
234: [0, 1] [[0.18599975109100342, 0.9405990801751614, 0.7662796527147293], [0.9762555658817291, 0.17681390047073364, 1.1370497345924377]]
235: [0, 1] [[0.010424494743347168, 0.9613550789654255, 0.7544755041599274], [1.0044687539339066, 0.05994772911071777, 1.2186528742313385]]
236: [0, 1] [[0.02950727939605713, 0.9837510623037815, 0.8422638922929764], [0.9867428597062826, 0.07289242744445801, 1.3134383261203766]]
237: [0, 1] [[0.005932807922363281, 0.9823935516178608, 0.8562990725040436], [1.0185082033276558, 0.029745936393737793, 1.342608630657196]]
238: [0, 1] [[3.5762786865234375e-07, 1.0186309553682804, 0.8563686162233353], [0.9512693583965302, 0.036216795444488525, 1.2978457808494568]]
239: [0, 1] [[0.011103808879852295, 0.9915074491873384, 0.7795280814170837], [1.0017001453088596, 0.03247642517089844, 1.2010227590799332]]
240: [0, 1] [[0.017721056938171387, 0.9799238368868828, 0.798462525010109], [1.0941331684589386, 0.042054176330566406, 1.2707567512989044]]
241: [0, 1] [[0.18943148851394653, 0.8571784645318985, 0.9483148865401745], [0.8437853753566742, 0.05864948034286499, 1.2955866158008575]]
242: [0, 1] [[0.004462838172912598, 0.8425543010234833, 0.9401742108166218], [0.8277771919965744, 0.01563471555709839, 1.3002649247646332]]
243: [0, 1] [[0.0, 0.8277771919965744, 0.9401742108166218], [0.7805670648813248, 0.016628921031951904, 1.273732453584671]]
244: [0, 1] [[0.09870380163192749, 0.8725278675556183, 0.904545746743679], [0.9034890383481979, 0.021395385265350342, 1.2638757526874542]]
245: [0, 1] [[0.15595966577529907, 0.8424437940120697, 1.0186041537672281], [0.8011937737464905, 0.038768649101257324, 1.3143846690654755]]
246: [0, 1] [[0.04833948612213135, 0.7599773854017258, 1.0164034496992826], [0.6895627975463867, 0.035612285137176514, 1.258944183588028]]
247: [0, 1] [[0.023058950901031494, 0.7579215466976166, 1.0004707165353466], [0.81910340487957, 0.022459328174591064, 1.2601411640644073]]
248: [0, 1] [[6.079673767089844e-06, 0.8186935931444168, 1.000301845400827], [0.8160807341337204, 0.021577954292297363, 1.2536014318466187]]
249: [0, 1] [[0.1260027289390564, 0.706725150346756, 1.002223693067208], [0.723803699016571, 0.04933977127075195, 1.3038453161716461]]
250: [0, 1] [[0.0144120454788208, 0.68581822514534, 0.9962358807679266], [0.6694294810295105, 0.02479684352874756, 1.2895232737064362]]
251: [0, 1] [[0.2569426894187927, 0.9121711179614067, 0.9241969510912895], [0.8611885756254196, 0.04362976551055908, 1.2828829884529114]]
252: [0, 1] [[0.11825031042098999, 0.6573379933834076, 1.0687070935964584], [0.6893675625324249, 0.012890875339508057, 1.2932208776474]]
253: [0, 1] [[0.0004951953887939453, 0.6892944872379303, 1.0728010833263397], [0.7077201902866364, 0.012492358684539795, 1.274708777666092]]
254: [0, 1] [[0.06453108787536621, 0.7150571048259735, 1.0468633882701397], [0.7543018162250519, 0.04700875282287598, 1.3075208365917206]]
255: [0, 1] [[0.01026850938796997, 0.7756062299013138, 1.0284644104540348], [0.7492313086986542, 0.03882652521133423, 1.2504912912845612]]
256: [0, 1] [[0.13826030492782593, 0.7864414155483246, 0.9331859648227692], [0.894832119345665, 0.20820331573486328, 1.3135866224765778]]
257: [0, 1] [[0.13380557298660278, 0.9384644329547882, 0.8958298712968826], [0.9561734236776829, 0.004069507122039795, 1.3084538280963898]]
258: [0, 1] [[1.3709068298339844e-06, 0.9559000693261623, 0.8959107846021652], [0.9559000693261623, 0.0, 1.3084538280963898]]
259: [0, 1] [[0.43809157609939575, 1.075218878686428, 0.785341277718544], [1.1162693500518799, 0.06981664896011353, 1.331571251153946]]
260: [0, 1] [[0.3493223786354065, 1.095260962843895, 0.7993810772895813], [1.0304377544671297, 0.028634369373321533, 1.2645248770713806]]
261: [0, 1] [[0.35370516777038574, 0.9913500361144543, 0.8334535658359528], [1.062316756695509, 0.0395393967628479, 1.302953153848648]]
262: [0, 1] [[0.0008136630058288574, 1.0752020850777626, 0.8125087767839432], [1.0936558246612549, 0.004759252071380615, 1.307384878396988]]
263: [0, 1] [[0.0003089308738708496, 1.0972696393728256, 0.8060764819383621], [1.0877560526132584, 0.007814645767211914, 1.3317141830921173]]
264: [1, 0] [[1.1453853845596313, 0.03344482183456421, 1.322249412536621], [0.06049013137817383, 1.2416634410619736, 0.7379993796348572]]
265: [1, 0] [[1.2193713337182999, 0.01975160837173462, 1.3029486238956451], [0.0015454888343811035, 1.2278640121221542, 0.72917640209198]]
266: [0, 1] [[0.01867377758026123, 1.1829643994569778, 0.781375452876091], [1.162945181131363, 0.013679087162017822, 1.251948595046997]]
267: [0, 1] [[0.04848414659500122, 1.1662362068891525, 0.7606209814548492], [1.1859710365533829, 0.015408337116241455, 1.2424745112657547]]
268: [1, 0] [[1.2117027640342712, 0.006437480449676514, 1.2684743702411652], [0.0, 1.2117027640342712, 0.7606209814548492]]
269: [0, 1] [[0.04637950658798218, 1.1370145976543427, 0.853822648525238], [1.1123550906777382, 0.025179684162139893, 1.2753431499004364]]
270: [0, 1] [[0.003351271152496338, 1.093290276825428, 0.8623192459344864], [1.0825655311346054, 0.010987162590026855, 1.2722491919994354]]
271: [0, 1] [[0.13069182634353638, 1.0503192320466042, 0.8912082239985466], [1.1142621487379074, 0.03966820240020752, 1.331348180770874]]
272: [1, 0] [[1.0918340608477592, 0.02907276153564453, 1.316552996635437], [5.841255187988281e-06, 1.0923640429973602, 0.8912643641233444]]
273: [1, 0] [[1.0810556039214134, 0.02387171983718872, 1.2899416387081146], [0.0, 1.0810556039214134, 0.8912643641233444]]
274: [0, 1] [[0.04137057065963745, 1.1743841618299484, 0.7938499450683594], [1.124614492058754, 0.02901250123977661, 1.2924293279647827]]
275: [0, 1] [[0.035588204860687256, 1.1160278245806694, 0.8264539688825607], [1.1323408037424088, 0.009142875671386719, 1.3106957376003265]]
276: [0, 1] [[0.03647589683532715, 1.0787909254431725, 0.8624684363603592], [1.0624455325305462, 0.06586140394210815, 1.2498469352722168]]
277: [0, 1] [[0.0007189512252807617, 1.063992016017437, 0.8559171110391617], [1.0138539280742407, 0.02860236167907715, 1.2590968608856201]]
278: [0, 1] [[0.0, 1.0138539280742407, 0.8559171110391617], [1.0326387286186218, 0.014814674854278564, 1.2561960518360138]]
279: [0, 1] [[0.015284895896911621, 1.062423326075077, 0.8232395648956299], [1.001562804915011, 0.037501752376556396, 1.3259049952030182]]
280: [1, 0] [[1.05786856636405, 0.02723824977874756, 1.320664405822754], [1.0788440704345703e-05, 1.0581944473087788, 0.822986975312233]]
281: [0, 1] [[0.009961485862731934, 1.0459089055657387, 0.8189271837472916], [0.9841286614537239, 0.026765406131744385, 1.2939212620258331]]
282: [0, 1] [[0.0002410411834716797, 0.982323806732893, 0.8212019205093384], [1.007018119096756, 0.039588749408721924, 1.2740018665790558]]
283: [0, 1] [[0.0, 1.007018119096756, 0.8212019205093384], [0.9975585378706455, 0.007824718952178955, 1.2736432552337646]]
284: [0, 1] [[0.058940231800079346, 0.9107538685202599, 0.9347262978553772], [0.8984654918313026, 0.04324835538864136, 1.2873687744140625]]
285: [0, 1] [[0.0, 0.8984654918313026, 0.9347262978553772], [0.9476193077862263, 0.025562167167663574, 1.2620222866535187]]
286: [0, 1] [[0.007510960102081299, 0.9436954222619534, 0.9301908314228058], [0.9629517272114754, 0.02876138687133789, 1.254705160856247]]
287: [0, 1] [[0.008575975894927979, 0.9542111866176128, 0.9566499926149845], [0.8547615259885788, 0.026059508323669434, 1.2926962077617645]]
288: [0, 1] [[0.006131589412689209, 0.8691229671239853, 0.9303747788071632], [0.8964215889573097, 0.013156533241271973, 1.3016008138656616]]
289: [0, 1] [[0.0029875636100769043, 0.8924685642123222, 0.9415810108184814], [0.9830986503511667, 0.04804348945617676, 1.2836756706237793]]
290: [0, 1] [[0.00010335445404052734, 0.9816786535084248, 0.9439182765781879], [1.0277872290462255, 0.02206552028656006, 1.2619149088859558]]
291: [0, 1] [[0.008693456649780273, 1.0322563126683235, 0.9508027210831642], [0.9542744718492031, 0.032403767108917236, 1.256967693567276]]
292: [0, 1] [[0.033065855503082275, 0.9804134406149387, 0.9194600582122803], [0.9803725555539131, 0.015116393566131592, 1.2901854813098907]]
293: [1, 0] [[1.0257624294608831, 0.014054059982299805, 1.312796950340271], [3.4809112548828125e-05, 1.024434495717287, 0.9198814034461975]]
294: [0, 1] [[0.03305691480636597, 0.9714389815926552, 0.9592732824385166], [0.9553182274103165, 0.026282906532287598, 1.2819971442222595]]
295: [0, 1] [[0.08028042316436768, 0.9180010110139847, 0.8804876655340195], [0.9437741972506046, 0.03361868858337402, 1.249232366681099]]
296: [0, 1] [[0.05115574598312378, 0.9628461711108685, 0.8414554744958878], [0.9429639652371407, 0.022747039794921875, 1.3018228113651276]]
297: [0, 1] [[8.463859558105469e-05, 0.9431860893964767, 0.8404613584280014], [0.886124812066555, 0.040292203426361084, 1.2083220034837723]]
298: [0, 1] [[3.081560134887695e-05, 0.8875695541501045, 0.8389293700456619], [0.9436158202588558, 0.031284987926483154, 1.2380666583776474]]
299: [0, 1] [[0.08540493249893188, 0.9358388110995293, 0.8877429515123367], [0.9235822409391403, 0.023148536682128906, 1.2590822875499725]]
300: [0, 1] [[0.048841893672943115, 0.9288134947419167, 0.8538575619459152], [0.8937615677714348, 0.01007145643234253, 1.2795354425907135]]
301: [0, 1] [[0.05644667148590088, 0.8572268486022949, 0.8463988751173019], [0.8200391978025436, 0.051169753074645996, 1.2263701260089874]]
302: [0, 1] [[0.0006989240646362305, 0.8115707784891129, 0.8505664020776749], [0.8584848493337631, 0.026291370391845703, 1.2162423431873322]]
303: [0, 1] [[0.010860681533813477, 0.8622626811265945, 0.8433287888765335], [0.8119933009147644, 0.04128158092498779, 1.2827625572681427]]
304: [0, 1] [[0.023254334926605225, 0.8128448128700256, 0.842159166932106], [0.8082242757081985, 0.03207212686538696, 1.2495455294847488]]
305: [0, 1] [[0.011020898818969727, 0.8180633038282394, 0.8252403438091278], [0.782274916768074, 0.021202504634857178, 1.2457129508256912]]
306: [0, 1] [[0.018923699855804443, 0.7421436607837677, 0.8459940999746323], [0.7996666729450226, 0.04252505302429199, 1.255085438489914]]
307: [0, 1] [[0.006925344467163086, 0.8244155049324036, 0.8178665190935135], [0.8151273429393768, 0.013083875179290771, 1.2556230127811432]]
308: [0, 1] [[0.0006103515625, 0.8102931827306747, 0.816901683807373], [0.8146692961454391, 0.020366787910461426, 1.2928636372089386]]
309: [0, 1] [[0.020773887634277344, 0.828286200761795, 0.8366903215646744], [0.8540133237838745, 0.0338747501373291, 1.2489680051803589]]
310: [0, 1] [[0.00866234302520752, 0.8606929928064346, 0.8318272680044174], [0.832799419760704, 0.01398533582687378, 1.2654896080493927]]
311: [0, 1] [[0.025322318077087402, 0.806499108672142, 0.864837646484375], [0.7885008603334427, 0.02000105381011963, 1.2707791328430176]]
312: [0, 1] [[0.005881905555725098, 0.8291581869125366, 0.8501411378383636], [0.8248000890016556, 0.024676144123077393, 1.271028220653534]]
313: [0, 1] [[0.0036439895629882812, 0.8231057673692703, 0.8754092454910278], [0.7875830978155136, 0.0077013373374938965, 1.264256864786148]]
314: [0, 1] [[0.017109334468841553, 0.7413153052330017, 0.8700567930936813], [0.7966786473989487, 0.029727160930633545, 1.2436276972293854]]
315: [0, 1] [[0.2489052414894104, 0.7578047960996628, 0.7758848816156387], [0.7598547786474228, 0.017646491527557373, 1.250291794538498]]
316: [0, 1] [[0.27921581268310547, 0.7977920174598694, 0.8612293004989624], [0.7751918286085129, 0.01173710823059082, 1.2241118401288986]]
317: [0, 1] [[0.25012028217315674, 0.7348110377788544, 0.8236586004495621], [0.7769226431846619, 0.029322326183319092, 1.2371931076049805]]
318: [0, 1] [[0.20439553260803223, 0.7809156477451324, 0.873978927731514], [0.8353352546691895, 0.02528238296508789, 1.2692879736423492]]
319: [0, 1] [[0.034363746643066406, 0.815324142575264, 0.8653565049171448], [0.7773383557796478, 0.025091350078582764, 1.2283753007650375]]
320: [0, 1] [[0.004697203636169434, 0.7924108505249023, 0.8536467850208282], [0.7593484818935394, 0.007735311985015869, 1.2368305325508118]]
321: [0, 1] [[0.06995844841003418, 0.7411388754844666, 0.9117929115891457], [0.741170346736908, 0.014387905597686768, 1.245475247502327]]
322: [0, 1] [[0.019353091716766357, 0.7010858952999115, 0.9500485919415951], [0.7307367622852325, 0.015860795974731445, 1.277149885892868]]
323: [0, 1] [[0.013832807540893555, 0.7830545753240585, 0.9079815670847893], [0.7610582709312439, 0.019814372062683105, 1.2083906829357147]]
324: [0, 1] [[0.02395874261856079, 0.7461085319519043, 0.9471408277750015], [0.7337517738342285, 0.011071741580963135, 1.226520523428917]]
325: [0, 1] [[0.0020917654037475586, 0.7394594550132751, 0.9568157903850079], [0.7480812668800354, 0.01871180534362793, 1.265980064868927]]
326: [0, 1] [[0.028994739055633545, 0.7359145283699036, 0.9859785884618759], [0.7405436933040619, 0.020061492919921875, 1.2348582744598389]]
327: [0, 1] [[0.02268397808074951, 0.7485058605670929, 0.9387544207274914], [0.7671221196651459, 0.007642626762390137, 1.211476892232895]]
328: [0, 1] [[0.010051965713500977, 0.758000060915947, 0.916925847530365], [0.7690015435218811, 0.020799219608306885, 1.2104639559984207]]
329: [0, 1] [[0.08231604099273682, 0.7893939018249512, 0.90519779920578], [0.7952416986227036, 0.040580034255981445, 1.2170178592205048]]
330: [0, 1] [[0.07995402812957764, 0.6946012079715729, 0.953116063028574], [0.7057942152023315, 0.010358750820159912, 1.2222762703895569]]
331: [0, 1] [[0.020907223224639893, 0.7134867012500763, 0.9975680110510439], [0.7653003931045532, 0.01882302761077881, 1.263998568058014]]
332: [0, 1] [[0.005298137664794922, 0.7426015734672546, 0.9677917212247849], [0.7761451005935669, 0.014786183834075928, 1.2467099577188492]]
333: [0, 1] [[0.016176283359527588, 0.7389527559280396, 1.0091780284419656], [0.7527969926595688, 0.008561372756958008, 1.2464521527290344]]
334: [0, 1] [[0.06134164333343506, 0.8358183354139328, 0.9558925740420818], [0.7851574420928955, 0.026251018047332764, 1.2303673028945923]]
335: [0, 1] [[0.028689086437225342, 0.7745670974254608, 0.99129634257406], [0.7693675011396408, 0.01810312271118164, 1.2014842480421066]]
336: [0, 1] [[0.11284303665161133, 0.8243246823549271, 0.8385839462280273], [0.8253404200077057, 0.019134104251861572, 1.263244390487671]]
337: [0, 1] [[0.14707159996032715, 0.9531529396772385, 0.9447075128555298], [0.9529415927827358, 0.012893497943878174, 1.3180443346500397]]
338: [0, 1] [[0.07987862825393677, 0.8529032319784164, 0.8879302740097046], [0.8455066978931427, 0.012215673923492432, 1.290367752313614]]
339: [0, 1] [[0.01957625150680542, 0.7781242281198502, 0.9236537218093872], [0.7777721434831619, 0.03400498628616333, 1.2643068730831146]]
340: [0, 1] [[0.00767284631729126, 0.7941996604204178, 0.9340868815779686], [0.793700322508812, 0.01334470510482788, 1.240166112780571]]
341: [0, 1] [[0.20174568891525269, 1.0309928320348263, 0.8188145756721497], [1.1066824421286583, 0.05454134941101074, 1.2532885670661926]]
342: [0, 1] [[0.008187174797058105, 1.1308512687683105, 0.7781230211257935], [1.0508259534835815, 0.023567914962768555, 1.2180137038230896]]
343: [0, 1] [[0.06678128242492676, 0.9716710671782494, 0.8772031664848328], [1.0331737473607063, 0.07802969217300415, 1.2797738909721375]]
344: [0, 1] [[0.009094774723052979, 0.9955356307327747, 0.9236313328146935], [0.9900857303291559, 0.08342832326889038, 1.3117082715034485]]
345: [0, 1] [[0.04892563819885254, 0.9810889288783073, 0.9259868785738945], [0.9395436160266399, 0.04733562469482422, 1.300734966993332]]
346: [0, 1] [[0.05814218521118164, 0.8342079967260361, 0.9959313715808094], [0.7912313342094421, 0.03569310903549194, 1.3184782564640045]]
347: [0, 1] [[0.039074480533599854, 0.83646160364151, 0.9721913803368807], [0.9056683704257011, 0.028798043727874756, 1.3354213535785675]]
348: [0, 1] [[0.00679546594619751, 0.93430345505476, 0.9571471661329269], [0.8808398321270943, 0.02120518684387207, 1.325969398021698]]
349: [0, 1] [[0.020920991897583008, 0.9415878094732761, 0.9085642322897911], [0.9740520417690277, 0.039199769496917725, 1.2874042689800262]]
350: [0, 1] [[0.030401527881622314, 0.9110313653945923, 0.9773792289197445], [0.8954885303974152, 0.006112098693847656, 1.2613010704517365]]
351: [0, 1] [[0.1672467589378357, 0.8062341213226318, 0.9257188737392426], [0.8156625032424927, 0.01881122589111328, 1.275899052619934]]
352: [0, 1] [[0.23175489902496338, 0.9441441521048546, 0.9091438800096512], [0.8993231654167175, 0.014718055725097656, 1.2877038717269897]]
353: [0, 1] [[0.09978055953979492, 1.043265052139759, 0.7718646675348282], [1.0232161171734333, 0.012465715408325195, 1.2655038237571716]]
354: [0, 1] [[0.38691240549087524, 0.7691459655761719, 0.9839964937418699], [0.83365698158741, 0.05777245759963989, 1.358606070280075]]
355: [0, 1] [[0.016269147396087646, 0.8571318089962006, 0.9442491419613361], [0.8675214946269989, 0.018916726112365723, 1.3671417236328125]]
356: [0, 1] [[0.28409725427627563, 0.9154270589351654, 0.9786382187157869], [0.8198689371347427, 0.052901268005371094, 1.327624350786209]]
357: [0, 1] [[0.0388256311416626, 0.9088405966758728, 0.8965046852827072], [0.8878142610192299, 0.0041907429695129395, 1.313229888677597]]
358: [0, 1] [[0.1525530219078064, 0.7847439646720886, 0.9485956132411957], [0.8498350232839584, 0.026270627975463867, 1.3022767007350922]]
359: [0, 1] [[0.2483736276626587, 1.040728010237217, 0.7658192813396454], [1.0223579946905375, 0.06243491172790527, 1.337358295917511]]
360: [0, 1] [[0.012083888053894043, 1.0117307174950838, 0.7567939162254333], [1.0313825756311417, 0.04069638252258301, 1.301473617553711]]
361: [0, 1] [[0.01127856969833374, 1.0007040948257782, 0.7822102159261703], [0.9758228976279497, 0.04313415288925171, 1.333173543214798]]
362: [0, 1] [[0.06033056974411011, 0.8616313338279724, 0.9103435575962067], [0.907269187271595, 0.01646435260772705, 1.298872023820877]]
363: [0, 1] [[0.05009716749191284, 0.8658158034086227, 0.9489583857357502], [0.830663189291954, 0.015516102313995361, 1.305481344461441]]
364: [0, 1] [[0.17577773332595825, 1.0517018027603626, 0.6753325760364532], [1.015713082626462, 0.035462379455566406, 1.275405377149582]]
365: [0, 1] [[0.019539177417755127, 0.9295657202601433, 0.7662014365196228], [0.9658743627369404, 0.01787400245666504, 1.2893857657909393]]
366: [0, 1] [[0.13081878423690796, 0.7240343987941742, 1.001621734467335], [0.7815997451543808, 0.04380744695663452, 1.242636650800705]]
367: [0, 1] [[0.07304608821868896, 0.7824943214654922, 0.952217984944582], [0.7128189206123352, 0.030326902866363525, 1.2523973882198334]]
368: [0, 1] [[0.133925199508667, 0.750842347741127, 0.9745182301849127], [0.7694998234510422, 0.025292396545410156, 1.277211844921112]]
369: [0, 1] [[0.14255660772323608, 0.7690536230802536, 0.9924280936829746], [0.7618441581726074, 0.04317432641983032, 1.259690910577774]]
370: [0, 1] [[0.05029428005218506, 0.7408412992954254, 1.0009413362131454], [0.7176579535007477, 0.00977236032485962, 1.2679884731769562]]
371: [0, 1] [[0.12009948492050171, 0.7471578419208527, 1.0398885384202003], [0.732582688331604, 0.025141894817352295, 1.310421496629715]]
372: [0, 1] [[0.031232178211212158, 0.7259087562561035, 1.0082529531791806], [0.7053536474704742, 0.008092701435089111, 1.3083162903785706]]
373: [0, 1] [[0.11192798614501953, 0.8329594880342484, 0.9312934726476669], [0.8503830581903458, 0.006207644939422607, 1.302556425333023]]
374: [0, 1] [[0.19358515739440918, 0.6461088061332703, 1.0431867875158787], [0.5866065621376038, 0.04084289073944092, 1.2548693716526031]]
375: [0, 1] [[0.034113407135009766, 0.6355480849742889, 1.033662211149931], [0.6993648111820221, 0.042872726917266846, 1.3348568081855774]]
376: [0, 1] [[0.016887664794921875, 0.7420709133148193, 0.983239309862256], [0.7044861614704132, 0.02980935573577881, 1.2793152630329132]]
377: [0, 1] [[0.030184805393218994, 0.6618777215480804, 1.0187357533723116], [0.6758689880371094, 0.011481821537017822, 1.276464968919754]]
378: [0, 1] [[0.03812283277511597, 0.7696732133626938, 0.9438259489834309], [0.7871016710996628, 0.008536040782928467, 1.2609800100326538]]
379: [0, 1] [[0.06155693531036377, 0.7198591530323029, 1.047887910157442], [0.6814852356910706, 0.03670775890350342, 1.2386053949594498]]
380: [0, 1] [[0.030398190021514893, 0.7466660737991333, 0.9498740471899509], [0.7625625729560852, 0.03363907337188721, 1.2888478338718414]]
381: [0, 1] [[0.041567862033843994, 0.6757573485374451, 1.0823206678032875], [0.6656945049762726, 0.05821406841278076, 1.2482514083385468]]
382: [0, 1] [[0.08165383338928223, 0.8073658049106598, 0.9041944369673729], [0.8448173105716705, 0.018260717391967773, 1.2310618162155151]]
383: [0, 1] [[0.03769177198410034, 0.7541979402303696, 1.0303274411708117], [0.7256852686405182, 0.018068790435791016, 1.2403586208820343]]
384: [0, 1] [[0.07353740930557251, 0.7194271385669708, 0.9826226998120546], [0.8099934160709381, 0.2127869725227356, 1.1289698779582977]]
385: [0, 1] [[0.2555071711540222, 0.8931294456124306, 0.8967342302203178], [0.8692508488893509, 0.012346267700195312, 1.1369533985853195]]
386: [0, 1] [[0.016945362091064453, 0.8398592621088028, 0.8648902177810669], [0.8642439097166061, 0.030054032802581787, 1.1527279764413834]]
387: [0, 1] [[0.008423984050750732, 0.8687403649091721, 0.8559546023607254], [0.8333352357149124, 0.02636241912841797, 1.1368301957845688]]
388: [0, 1] [[1.0132789611816406e-06, 0.8336239010095596, 0.8554486483335495], [0.8350375443696976, 0.0017610788345336914, 1.145206943154335]]
389: [0, 1] [[0.008859395980834961, 0.8444311916828156, 0.8794226050376892], [0.8523994982242584, 0.010056614875793457, 1.1612793058156967]]
390: [0, 1] [[0.007910728454589844, 0.8447834849357605, 0.8979141190648079], [0.8232263922691345, 0.008726358413696289, 1.1704591810703278]]
391: [0, 1] [[0.003181636333465576, 0.8480153977870941, 0.8717629313468933], [0.8447937220335007, 0.03207880258560181, 1.179838553071022]]
392: [0, 1] [[0.002888619899749756, 0.8290757387876511, 0.8888304606080055], [0.8391954451799393, 0.03762608766555786, 1.1814485639333725]]
393: [0, 1] [[4.076957702636719e-05, 0.8374180942773819, 0.8913673385977745], [0.8317672312259674, 0.0003921389579772949, 1.1757464557886124]]
394: [0, 1] [[0.008840560913085938, 0.8393875807523727, 0.8634288758039474], [0.8708110302686691, 0.012634098529815674, 1.1772044450044632]]
395: [0, 1] [[0.003759443759918213, 0.8685435503721237, 0.8493859320878983], [0.8922695890069008, 0.01031804084777832, 1.1790199726819992]]
396: [0, 1] [[0.011853337287902832, 0.9169248789548874, 0.8510231822729111], [0.8952449932694435, 0.025616049766540527, 1.1473349779844284]]
397: [0, 1] [[0.0022035837173461914, 0.8944199606776237, 0.8545638471841812], [0.8935186490416527, 0.009033143520355225, 1.170542985200882]]
398: [0, 1] [[0.004668593406677246, 0.8710757941007614, 0.8768078088760376], [0.8587818890810013, 0.0023262500762939453, 1.1639534384012222]]
399: [0, 1] [[0.004598796367645264, 0.8852294906973839, 0.8483288735151291], [0.9045772105455399, 0.015340805053710938, 1.1826100051403046]]
400: [0, 1] [[0.009746313095092773, 0.8892293497920036, 0.8627828061580658], [0.8919069394469261, 0.0055027008056640625, 1.1609717160463333]]
401: [0, 1] [[0.0033020973205566406, 0.8888478130102158, 0.8753956705331802], [0.9365796893835068, 0.024812400341033936, 1.170026496052742]]
402: [0, 1] [[0.021036982536315918, 0.966953881084919, 0.830902636051178], [0.9910900695249438, 0.01127558946609497, 1.1924697160720825]]
403: [0, 1] [[0.01132345199584961, 0.9779681544750929, 0.8514531403779984], [0.9713707156479359, 0.013505756855010986, 1.1581883430480957]]
404: [0, 1] [[0.09978127479553223, 0.9821982812136412, 0.892662949860096], [1.002763595432043, 0.050034403800964355, 1.2184647470712662]]
405: [0, 1] [[0.011545240879058838, 0.9484610483050346, 0.9427505545318127], [0.9212602600455284, 0.016041278839111328, 1.1751816868782043]]
406: [0, 1] [[0.0009729266166687012, 0.9315353557467461, 0.9308491423726082], [0.959344781935215, 0.014856874942779541, 1.194196656346321]]
407: [0, 1] [[0.010498642921447754, 0.9602589644491673, 0.9245757609605789], [0.9214625582098961, 0.02386617660522461, 1.1892563551664352]]
408: [0, 1] [[0.05629938840866089, 0.98859728500247, 0.8629567623138428], [0.9609018191695213, 0.00950700044631958, 1.2055718451738358]]
409: [0, 1] [[0.03344017267227173, 0.900606170296669, 0.9235328808426857], [0.9806026704609394, 0.04898333549499512, 1.1834897249937057]]
410: [0, 1] [[0.12960731983184814, 0.8600669652223587, 1.0058207516558468], [0.8226063400506973, 0.009913086891174316, 1.1873523145914078]]
411: [0, 1] [[0.0051795244216918945, 0.8063962608575821, 1.0312163215130568], [0.8471342027187347, 0.05335795879364014, 1.2105749398469925]]
412: [0, 1] [[0.003935635089874268, 0.8623910844326019, 1.018190061673522], [0.7717588692903519, 0.039146244525909424, 1.177162453532219]]
413: [0, 1] [[0.0007222294807434082, 0.7789415419101715, 1.0197499599307775], [0.7855904698371887, 0.0019884705543518066, 1.1642853617668152]]
414: [0, 1] [[0.0026367902755737305, 0.7738965451717377, 1.015644384548068], [0.845248743891716, 0.03371471166610718, 1.1848928034305573]]
415: [0, 1] [[0.004613041877746582, 0.8376887887716293, 1.0124987736344337], [0.7943749129772186, 0.027997910976409912, 1.1520207971334457]]
416: [0, 1] [[0.0016041994094848633, 0.8046017587184906, 1.0090712504461408], [0.7732627391815186, 0.013116717338562012, 1.1740966588258743]]
417: [0, 1] [[9.447336196899414e-05, 0.7712052911520004, 1.0084498533979058], [0.778021901845932, 0.0010117292404174805, 1.1775591522455215]]
418: [0, 1] [[0.0004520416259765625, 0.7782633453607559, 1.007964284159243], [0.7833344042301178, 0.018588244915008545, 1.1925591677427292]]
419: [0, 1] [[0.0010737180709838867, 0.7748777717351913, 1.0145447794348001], [0.781511202454567, 0.02066349983215332, 1.1831578612327576]]
420: [0, 1] [[0.004901289939880371, 0.7968597114086151, 1.0095081264153123], [0.7808649092912674, 0.017809808254241943, 1.1633523851633072]]
421: [0, 1] [[0.013462841510772705, 0.7524847835302353, 1.0451558381319046], [0.7871602028608322, 0.01678156852722168, 1.1806990802288055]]
422: [0, 1] [[0.0010443925857543945, 0.7957729548215866, 1.0367045141756535], [0.7464437782764435, 0.01893293857574463, 1.1408177316188812]]
423: [0, 1] [[0.006072700023651123, 0.7482158839702606, 1.011924316175282], [0.767557293176651, 0.01876777410507202, 1.1441760957241058]]
424: [0, 1] [[0.02424412965774536, 0.7668648958206177, 1.0246167294681072], [0.812182292342186, 0.019139647483825684, 1.1552669256925583]]
425: [0, 1] [[0.028002560138702393, 0.8210449367761612, 1.0209601242095232], [0.8297066539525986, 0.008209049701690674, 1.1413758546113968]]
426: [0, 1] [[0.005696594715118408, 0.8140502870082855, 1.0380553007125854], [0.7742645740509033, 0.026273369789123535, 1.1486342996358871]]
427: [0, 1] [[0.0010733604431152344, 0.7782618403434753, 1.0308953188359737], [0.8012140691280365, 0.021413326263427734, 1.1544510275125504]]
428: [0, 1] [[0.0013274550437927246, 0.8052254766225815, 1.0340181551873684], [0.7848150730133057, 0.0047324299812316895, 1.151251271367073]]
429: [0, 1] [[0.0080108642578125, 0.7734328955411911, 1.0440091006457806], [0.7824046015739441, 0.029771864414215088, 1.1620404571294785]]
430: [0, 1] [[0.012434840202331543, 0.8238619714975357, 1.0087845819070935], [0.833662286400795, 0.009330689907073975, 1.1529545336961746]]
431: [0, 1] [[0.015007257461547852, 0.80225670337677, 1.0539857484400272], [0.714185357093811, 0.043079376220703125, 1.1294937580823898]]
432: [0, 1] [[0.008251428604125977, 0.7074418365955353, 1.0527844615280628], [0.7750363945960999, 0.03137242794036865, 1.1240088269114494]]
433: [0, 1] [[0.006969749927520752, 0.795498251914978, 1.018886525183916], [0.7251734733581543, 0.040948450565338135, 1.1013331860303879]]
434: [0, 1] [[0.013267099857330322, 0.7076530456542969, 1.0151727320626378], [0.765610933303833, 0.04417699575424194, 1.1274493485689163]]
435: [0, 1] [[0.011838078498840332, 0.7954551577568054, 0.9942046138457954], [0.809140607714653, 0.008443355560302734, 1.1101210713386536]]
436: [0, 1] [[0.029135704040527344, 0.8299576640129089, 0.9467688426375389], [0.8546552956104279, 0.019504308700561523, 1.0996832624077797]]
437: [0, 1] [[0.01542508602142334, 0.8243325054645538, 0.9894947027787566], [0.8359820991754532, 0.0073920488357543945, 1.1164476722478867]]
438: [0, 1] [[0.012418270111083984, 0.8459900468587875, 0.9744627233594656], [0.8453312814235687, 0.008433043956756592, 1.137027993798256]]
439: [0, 1] [[0.006844997406005859, 0.9035857319831848, 0.9367068484425545], [0.8736619651317596, 0.02445274591445923, 1.1614392846822739]]
440: [0, 1] [[0.01222085952758789, 0.9049291834235191, 0.9054143503308296], [0.9425875805318356, 0.013185858726501465, 1.1307293176651]]
441: [0, 1] [[0.10879939794540405, 0.9985755606321618, 0.8592630326747894], [0.9401341043412685, 0.029982924461364746, 1.1669223755598068]]
442: [0, 1] [[0.00633394718170166, 0.9509643763303757, 0.8752844780683517], [0.97874790802598, 0.015711486339569092, 1.118295967578888]]
443: [0, 1] [[0.007069230079650879, 0.9763483069837093, 0.8666522353887558], [0.8981712609529495, 0.03986448049545288, 1.1220385059714317]]
444: [0, 1] [[0.019482851028442383, 0.9325328022241592, 0.8739259392023087], [0.992850411683321, 0.052513062953948975, 1.08601363748312]]
445: [0, 1] [[0.01116800308227539, 0.9687147960066795, 0.8873514905571938], [0.9822149649262428, 0.011400163173675537, 1.1312862485647202]]
446: [0, 1] [[0.005415380001068115, 0.9576183259487152, 0.8614546060562134], [0.9548198729753494, 0.04649829864501953, 1.0610291101038456]]
447: [0, 1] [[0.0024950504302978516, 0.9567903578281403, 0.8712762147188187], [0.9057416021823883, 0.025956571102142334, 1.1086174473166466]]
448: [0, 1] [[0.018613219261169434, 0.9181757718324661, 0.8322864025831223], [0.9349130019545555, 0.022321045398712158, 1.0938476622104645]]
449: [0, 1] [[0.009258508682250977, 0.9165553972125053, 0.8712321817874908], [0.911211222410202, 0.02922266721725464, 1.1243712157011032]]
450: [0, 1] [[0.12189269065856934, 0.7712502181529999, 0.9188826754689217], [0.7511622607707977, 0.018580198287963867, 1.1291127651929855]]
451: [0, 1] [[0.025787770748138428, 0.7919230461120605, 0.8840492740273476], [0.7098181843757629, 0.03213608264923096, 1.1359586417675018]]
452: [0, 1] [[0.012915730476379395, 0.6973293721675873, 0.915627084672451], [0.7455234229564667, 0.018848776817321777, 1.1086854115128517]]
453: [0, 1] [[0.023447871208190918, 0.7128645777702332, 0.9402641281485558], [0.6952207982540131, 0.010949492454528809, 1.1221317797899246]]
454: [0, 1] [[0.15002679824829102, 0.8238296657800674, 0.9107950329780579], [0.8525937050580978, 0.024694442749023438, 1.1341318041086197]]
455: [0, 1] [[0.10512936115264893, 0.7857606112957001, 0.8310299664735794], [0.7811988741159439, 0.003681659698486328, 1.139767736196518]]
456: [0, 1] [[0.18500709533691406, 0.8466815948486328, 0.9046902060508728], [0.8472737073898315, 0.023798584938049316, 1.1554692089557648]]
457: [0, 1] [[0.10660207271575928, 0.8070688843727112, 0.9522380232810974], [0.7846504151821136, 0.010556578636169434, 1.1637383252382278]]
458: [0, 1] [[0.0346837043762207, 0.8208914399147034, 0.9122159034013748], [0.8135461509227753, 0.010566949844360352, 1.1671776622533798]]
459: [0, 1] [[0.05153709650039673, 0.8644771724939346, 0.9019155278801918], [0.8576391339302063, 0.014096379280090332, 1.1588019579648972]]
460: [0, 1] [[0.02975749969482422, 0.8251088112592697, 0.9130196273326874], [0.859457939863205, 0.011706054210662842, 1.1604395359754562]]
461: [0, 1] [[0.05975055694580078, 0.8290866613388062, 0.8931674361228943], [0.7770049571990967, 0.014612078666687012, 1.1705143302679062]]
462: [0, 1] [[0.12494277954101562, 0.6902545392513275, 0.8355518728494644], [0.698822021484375, 0.0071762800216674805, 1.1632427722215652]]
463: [0, 1] [[0.07528406381607056, 0.7150698602199554, 0.8950801640748978], [0.7446027100086212, 0.006678879261016846, 1.1753081232309341]]
464: [0, 1] [[0.0684613585472107, 0.8502112329006195, 0.8296623229980469], [0.7988284826278687, 0.014479100704193115, 1.1405718475580215]]
465: [0, 1] [[0.07187587022781372, 0.7355245053768158, 0.8068666905164719], [0.7658584266901016, 0.006746530532836914, 1.1492765694856644]]
466: [0, 1] [[0.049882709980010986, 0.8129393309354782, 0.851272389292717], [0.7996782809495926, 0.011864304542541504, 1.1665575355291367]]
467: [0, 1] [[0.12347465753555298, 0.8329481333494186, 0.8287734091281891], [0.8424157202243805, 0.019720137119293213, 1.1732348948717117]]
468: [0, 1] [[0.013006031513214111, 0.8502068221569061, 0.8036274313926697], [0.9197690412402153, 0.032319605350494385, 1.1930800378322601]]
469: [0, 1] [[0.08016455173492432, 0.8727554380893707, 0.9176977351307869], [0.8273472785949707, 0.042664170265197754, 1.1698294878005981]]
470: [0, 1] [[0.16035258769989014, 0.8997483476996422, 0.8111148178577423], [0.8940815478563309, 0.009858548641204834, 1.1789797842502594]]
471: [0, 1] [[0.1598854660987854, 0.8970364853739738, 0.8420326560735703], [0.8907090499997139, 0.0185164213180542, 1.134559690952301]]
472: [0, 1] [[0.053452908992767334, 0.9463975504040718, 0.8028161376714706], [0.9181152880191803, 0.019082069396972656, 1.1390764117240906]]
473: [0, 1] [[0.01329660415649414, 0.9537490531802177, 0.7759934961795807], [1.0047759828157723, 0.01620948314666748, 1.1686049550771713]]
474: [0, 1] [[0.07810509204864502, 0.8592832684516907, 0.8795132488012314], [0.828733041882515, 0.02875882387161255, 1.1485350877046585]]
475: [0, 1] [[0.010994434356689453, 0.866248682141304, 0.8273511826992035], [0.8801975697278976, 0.007933974266052246, 1.1566834896802902]]
476: [0, 1] [[0.3379793167114258, 0.8120798021554947, 0.8004377335309982], [0.8783359229564667, 0.035614848136901855, 1.1472083777189255]]
477: [0, 1] [[0.13915812969207764, 0.8614842295646667, 0.9422124810516834], [0.8500648438930511, 0.016785621643066406, 1.128844603896141]]
478: [0, 1] [[0.0062067508697509766, 0.8470617979764938, 0.9535888843238354], [0.8643016815185547, 0.02457249164581299, 1.1583984047174454]]
479: [0, 1] [[0.040342867374420166, 0.8373433351516724, 0.9150797501206398], [0.8208329379558563, 0.020220637321472168, 1.162432074546814]]
480: [0, 1] [[0.08230209350585938, 0.9029402732849121, 0.8595916628837585], [0.9100166857242584, 0.0036156177520751953, 1.1492576599121094]]
481: [0, 1] [[0.24309420585632324, 0.9990753307938576, 0.8376637250185013], [0.9241506606340408, 0.04823136329650879, 1.203205868601799]]
482: [0, 1] [[0.08131062984466553, 0.8133583217859268, 0.9000466465950012], [0.8267378062009811, 0.016680657863616943, 1.1711630672216415]]
483: [0, 1] [[0.08499771356582642, 0.7578105628490448, 0.9278353303670883], [0.7751808762550354, 0.010928988456726074, 1.1134613901376724]]
484: [0, 1] [[0.0681387186050415, 0.7159298062324524, 0.9076909571886063], [0.7742115259170532, 0.06537073850631714, 1.1126632615923882]]
485: [0, 1] [[0.0093461275100708, 0.7692368626594543, 0.9224726259708405], [0.7594600021839142, 0.014113545417785645, 1.147715151309967]]
486: [0, 1] [[0.062007904052734375, 0.7266231179237366, 1.02598955668509], [0.8452573418617249, 0.07260966300964355, 1.2159757167100906]]
487: [0, 1] [[0.027373135089874268, 0.880985826253891, 0.9750487804412842], [0.8574585318565369, 0.015099942684173584, 1.2643945813179016]]
488: [0, 1] [[0.0357738733291626, 0.8172247558832169, 0.976756552234292], [0.8704995363950729, 0.022116899490356445, 1.2480234801769257]]
489: [0, 1] [[0.02355349063873291, 0.8808101639151573, 0.9725690018385649], [0.7340661287307739, 0.19890356063842773, 1.2316457033157349]]
490: [0, 1] [[0.01215064525604248, 0.7687934041023254, 0.9357926100492477], [0.7813639789819717, 0.009176671504974365, 1.2170016914606094]]
491: [0, 1] [[0.0687401294708252, 0.8152134418487549, 1.0091190999373794], [0.8144090920686722, 0.07313799858093262, 1.1916959285736084]]
492: [0, 1] [[0.10086560249328613, 0.8661408573389053, 0.8874661326408386], [0.8634998351335526, 0.008062601089477539, 1.1606124341487885]]
493: [0, 1] [[0.008499860763549805, 0.8632353395223618, 0.8766213655471802], [0.8522732555866241, 0.0056266188621521, 1.1764976233243942]]
495: [0] [[0.27608227729797363, 0.7802682220935822, 0.8396705240011215]]
