93: [0] [[]]
96: [0] [[0.2525278329849243]]
97: [0] [[0.004126906394958496]]
101: [0] [[0.23139947652816772]]
102: [0] [[0.0013031363487243652]]
103: [0] [[0.11763131618499756]]
104: [0] [[0.10237157344818115]]
105: [0] [[0.0011881589889526367]]
106: [0] [[0.13537120819091797]]
107: [0] [[0.0008588433265686035]]
108: [0] [[0.1597554087638855]]
109: [0] [[0.015247881412506104]]
110: [0] [[0.0]]
111: [0] [[0.18453192710876465]]
112: [0] [[0.14235591888427734]]
113: [0] [[0.1807228922843933]]
114: [0] [[0.08276963233947754]]
115: [0] [[0.0]]
116: [0, 0] [[0.6135035455226898], [0.7516379952430725]]
117: [0, 0] [[0.6460646390914917], [0.62856724858284]]
118: [0, 0] [[0.6465547680854797], [0.6772587895393372]]
119: [0, 0] [[0.7628941684961319], [0.7694986164569855]]
120: [0, 0] [[0.7694986164569855], [0.7694986164569855]]
121: [0, 0] [[0.6566641926765442], [0.7057190835475922]]
122: [0, 0] [[0.764772355556488], [0.7562659680843353]]
123: [0, 0] [[0.8100520372390747], [0.7368442416191101]]
124: [0, 0] [[0.7421447932720184], [0.7454578876495361]]
125: [0, 0] [[0.6986618340015411], [0.6986618340015411]]
126: [0, 0] [[0.641889214515686], [0.5893149971961975]]
127: [0, 0] [[0.7880945205688477], [0.7887813746929169]]
128: [1, 0, 0] [[1.1225948333740234], [0.534826010465622, 0.9059338420629501], [0.5813372731208801, 1.1358502954244614]]
129: [1, 0, 0] [[1.1358502954244614, 0.0], [0.588537871837616, 0.9065594524145126], [0.588537871837616, 1.1358502954244614]]
130: [1, 0, 0] [[1.1358502954244614, 0.0], [0.5608130395412445, 0.7977036535739899], [0.5608130395412445, 1.1358502954244614]]
131: [1, 0, 0] [[1.229594573378563, 0.13495677709579468], [0.6146131455898285, 0.6972842216491699], [0.5989102125167847, 0.9570087902247906]]
132: [1, 0, 0] [[0.9478352516889572, 0.08668851852416992], [0.629976898431778, 0.7367667257785797], [0.629976898431778, 0.9478352516889572]]
133: [0, 1, 0] [[0.5064588785171509, 0.8925800770521164], [0.9750779774039984, 0.2317565679550171], [0.44227588176727295, 0.8831187039613724]]
134: [0, 1, 0] [[0.4799218773841858, 0.996269017457962], [0.9838801641017199, 0.0011615753173828125], [0.5786617398262024, 0.941613219678402]]
135: [0, 1, 0] [[0.4886351227760315, 0.90245521068573], [0.9074239730834961, 0.00014716386795043945], [0.4886351227760315, 0.94183699041605]]
136: [0, 1, 0] [[0.5749985575675964, 1.0102370409294963], [1.011221137829125, 0.13542520999908447], [0.7167666554450989, 1.0480108223855495]]
137: [1, 0, 0] [[1.1083182245492935, 0.1793263554573059], [0.7120498716831207, 0.8343702554702759], [0.5232664346694946, 1.1070335656404495]]
138: [0, 1] [[0.5854643881320953, 0.9168847948312759], [0.9091411232948303, 0.8492452502250671]]
139: [0, 1] [[0.013228833675384521, 0.8673213571310043], [0.8682760745286942, 0.004801332950592041]]
140: [0, 1] [[0.00659024715423584, 0.855692908167839], [0.855692908167839, 0.0]]
141: [0, 1, 0] [[0.24060624837875366, 0.959827296435833], [0.7927528321743011, 0.6481809616088867], [0.7213399410247803, 1.0000544022768736]]
142: [0, 1, 0] [[0.7613287568092346, 0.8188086152076721], [0.8573066294193268, 0.032106876373291016], [0.8259911090135574, 0.9261653274297714]]
143: [0, 1, 0] [[0.8247063606977463, 0.8911755457520485], [0.746562272310257, 0.16910117864608765], [0.8739065378904343, 0.9435696713626385]]
144: [1, 1, 0] [[0.7679636031389236, 0.7319735586643219], [0.9526639170944691, 0.7442441582679749], [0.04130983352661133, 0.8949105590581894]]
145: [1, 1, 0] [[0.7745330184698105, 0.7442441582679749], [0.8949105590581894, 0.7442441582679749], [0.00797569751739502, 0.8693196475505829]]
146: [0, 1, 0] [[0.7147123515605927, 0.7393839955329895], [0.779286116361618, 0.1576305627822876], [0.670691728591919, 0.9324862882494926]]
147: [0, 1, 0] [[0.6989001929759979, 0.8869396895170212], [0.8932182863354683, 0.0031282901763916016], [0.6717684864997864, 0.9443965926766396]]
148: [0, 1, 1] [[0.674147367477417, 0.8870149850845337], [0.9036474004387856, 0.2887996435165405], [0.7636490762233734, 0.6795693933963776]]
149: [0, 1, 1] [[0.03126025199890137, 0.7373545467853546], [0.8455944210290909, 0.6784578263759613], [0.7376684546470642, 0.67827108502388]]
150: [0, 1, 1] [[0.006012558937072754, 0.7159216105937958], [0.8907667472958565, 0.6575365364551544], [0.7115909159183502, 0.658227264881134]]
151: [0, 1, 0] [[0.06195855140686035, 0.7002128660678864], [0.8911545500159264, 0.6888073980808258], [0.8270327001810074, 1.1768434643745422]]
152: [1, 1, 0] [[0.9962031207978725, 0.821008175611496], [1.1766559183597565, 0.8210074007511139], [0.018488645553588867, 1.1589437425136566]]
153: [0, 1, 0] [[0.8377225250005722, 0.9622704982757568], [0.923815555870533, 0.17051714658737183], [0.7459852993488312, 1.204752266407013]]
154: [0, 1, 0] [[0.7280716001987457, 0.943997897207737], [0.9128145277500153, 0.19035303592681885], [0.711836963891983, 1.204069510102272]]
155: [0, 1, 0] [[0.7341404855251312, 0.8719094842672348], [0.8719094842672348, 0.0], [0.7294881045818329, 1.2028800547122955]]
156: [1, 1, 0] [[0.867965042591095, 0.8098466694355011], [1.147310346364975, 0.7312834560871124], [0.22635191679000854, 1.0801243036985397]]
157: [1, 1, 0] [[0.8601008951663971, 0.6457253992557526], [1.0965636372566223, 0.6765089333057404], [0.013344347476959229, 1.0981182977557182]]
158: [1, 1, 0] [[0.8695073425769806, 0.7799560278654099], [0.9722053166478872, 0.7780666500329971], [0.15543019771575928, 1.052722305059433]]
159: [1, 1, 0] [[0.8764825835824013, 0.8418929278850555], [1.0681795626878738, 0.6978903114795685], [0.005662739276885986, 1.0710337981581688]]
160: [1, 1, 0] [[0.7993008196353912, 0.5824542045593262], [1.0710337981581688, 0.5824542045593262], [0.0, 1.0710337981581688]]
161: [0, 1, 0] [[0.7260591983795166, 0.7464380860328674], [0.8187270164489746, 0.1379702091217041], [0.8766005486249924, 1.092757523059845]]
162: [1, 1, 0] [[0.7638547122478485, 0.7222976982593536], [1.0679893791675568, 0.7198857069015503], [0.0, 1.0679893791675568]]
163: [1, 1, 0] [[0.7571548223495483, 0.6660913527011871], [1.1646661162376404, 0.7398788034915924], [0.16406911611557007, 1.059209130704403]]
164: [0, 1, 0] [[0.6802074313163757, 0.760114774107933], [0.696493536233902, 0.048547983169555664], [0.6685281991958618, 0.9817803744226694]]
165: [1, 1, 0] [[0.7688214182853699, 0.6272564828395844], [0.9883916741237044, 0.5766067802906036], [1.0132789611816406e-05, 0.987739784643054]]
166: [1, 1, 0] [[0.894737496972084, 0.7579205185174942], [1.0525081269443035, 0.8508270680904388], [0.10515660047531128, 1.0578666105866432]]
167: [0, 1, 0] [[0.9188131541013718, 0.9812798127532005], [0.9853630596771836, 0.003291487693786621], [0.9097640216350555, 1.0535411164164543]]
168: [0, 1, 0] [[0.6189665794372559, 0.9120610356330872], [0.8251488208770752, 0.1198931336402893], [0.6141915321350098, 0.9995455070747994]]
169: [0, 1, 0] [[0.6639129519462585, 0.7768182754516602], [0.7555556744337082, 0.011140644550323486], [0.6160135567188263, 0.9794728346168995]]
170: [1, 1, 0] [[0.811666414141655, 0.739410400390625], [0.9794728346168995, 0.739410400390625], [0.24030441045761108, 0.976975966244936]]
171: [0, 1, 0] [[0.5872787833213806, 0.6730212569236755], [0.7414427697658539, 0.1657024621963501], [0.6903253495693207, 1.098595343530178]]
172: [0, 1, 0] [[0.6603600382804871, 0.8464145213365555], [0.898210234940052, 0.03237605094909668], [0.6605664491653442, 1.0957623794674873]]
173: [1, 0, 0] [[1.1374861001968384, 0.06949830055236816], [0.7345199286937714, 0.7634600400924683], [0.7107648551464081, 1.1913615018129349]]
174: [0, 1, 0] [[0.7197235524654388, 0.7226151823997498], [0.7765513509511948, 0.03025496006011963], [0.719615638256073, 1.1929457783699036]]
175: [0, 1, 0] [[0.7163904905319214, 0.7889215350151062], [0.7972177118062973, 0.0007346272468566895], [0.7150166630744934, 1.1954035460948944]]
176: [1, 1, 0] [[0.7853758633136749, 0.7569762170314789], [1.1157003417611122, 0.6863877773284912], [0.20950555801391602, 1.1096941083669662]]
177: [1, 1, 0] [[0.7292926907539368, 0.5719985961914062], [1.0333544537425041, 0.5340584814548492], [0.014862000942230225, 1.0393854193389416]]
178: [0, 1, 0] [[0.5849817395210266, 0.6188444793224335], [0.7795463353395462, 0.12234807014465332], [0.855353519320488, 1.1104792580008507]]
179: [1, 1, 0] [[0.8985663950443268, 0.702879011631012], [1.2336171567440033, 0.7336577773094177], [0.009509265422821045, 1.2462137788534164]]
180: [1, 1, 0] [[0.8414842486381531, 0.7839247584342957], [1.144300416111946, 0.6068005859851837], [0.012112021446228027, 1.1431054323911667]]
181: [1, 1, 0] [[0.8353363126516342, 0.606371134519577], [1.1344570815563202, 0.7768864780664444], [0.13955551385879517, 1.0687059834599495]]
182: [1, 1, 0] [[0.9030240401625633, 0.7378512918949127], [1.06117619946599, 0.7345966994762421], [0.03905671834945679, 1.057407770305872]]
183: [1, 1, 0] [[1.01566843688488, 0.6713184118270874], [1.0440552532672882, 0.5925673246383667], [0.07697689533233643, 1.1082143783569336]]
184: [1, 1, 0] [[1.024546379223466, 0.5494118928909302], [1.013320186175406, 0.49678856134414673], [0.0037966370582580566, 0.9969624392688274]]
185: [1, 1, 0] [[1.0513564869761467, 0.5763693451881409], [1.0697020515799522, 0.6051954925060272], [0.01228421926498413, 1.0711021274328232]]
186: [1, 1, 0] [[1.0456989854574203, 0.5873996019363403], [1.2074831128120422, 0.7223186194896698], [0.07378923892974854, 1.0933784916996956]]
187: [1, 1, 0] [[1.0516385324299335, 0.7462998032569885], [1.093176245689392, 0.647182434797287], [0.01865983009338379, 1.1164842396974564]]
188: [1, 1, 0] [[1.0335458181798458, 0.5958034694194794], [1.26784148812294, 0.6555904150009155], [0.20950543880462646, 1.2360069751739502]]
189: [1, 1, 0] [[1.0716575980186462, 0.7130574285984039], [1.1812788248062134, 0.61910480260849], [0.00825655460357666, 1.1746943145990372]]
190: [1, 1, 0] [[1.004997119307518, 0.7144519686698914], [1.212457150220871, 0.7468272745609283], [0.027833163738250732, 1.2380024790763855]]
191: [1, 1, 0] [[0.9774842467159033, 0.762498676776886], [1.0953654274344444, 0.7658133953809738], [0.1434834599494934, 1.1009365245699883]]
192: [1, 1, 0] [[1.0875304117798805, 0.7506769001483917], [1.1344866752624512, 0.7144754528999329], [0.20149338245391846, 1.1395178586244583]]
193: [1, 0] [[1.0909190773963928, 0.10748010873794556], [0.23079955577850342, 1.110686294734478]]
194: [1, 0] [[1.0224291868507862, 0.25586771965026855], [0.04639512300491333, 0.9855696903541684]]
195: [1, 0] [[1.03343241289258, 0.01651090383529663], [0.0329706072807312, 1.012505360879004]]
196: [1, 1, 0] [[0.9800998959690332, 0.35057663917541504], [1.0035785059444606, 0.36824119091033936], [0.23655670881271362, 0.9461738429963589]]
197: [1, 1, 0] [[0.9463491477072239, 0.3324248790740967], [1.1157136112451553, 0.656401664018631], [0.0580977201461792, 1.0645664259791374]]
198: [1, 1, 0] [[0.8088021129369736, 0.6627070009708405], [0.9342925325036049, 0.5306675136089325], [0.33533304929733276, 0.9823420401662588]]
199: [1, 1, 0] [[0.9472356103360653, 0.5578441917896271], [0.9694537501782179, 0.5247373878955841], [0.042263031005859375, 1.0032607840839773]]
200: [1, 1, 0] [[0.9588773623108864, 0.5247373878955841], [1.0019688254687935, 0.5258019864559174], [0.06128060817718506, 1.0447569750249386]]
201: [1, 1, 0] [[0.8965288028120995, 0.4884761571884155], [1.0103559605777264, 0.478509783744812], [0.19222503900527954, 0.9342071488499641]]
202: [1, 1, 0] [[0.9249646812677383, 0.4578893780708313], [0.9309743121266365, 0.4532209634780884], [0.22999918460845947, 0.9700823966413736]]
203: [1, 1, 0] [[0.8278957009315491, 0.49955224990844727], [1.0434998534619808, 0.364382266998291], [0.16680902242660522, 0.9528155624866486]]
204: [1, 1, 0] [[0.817025437951088, 0.390974760055542], [0.8997625932097435, 0.5891207456588745], [0.05660277605056763, 0.9421517252922058]]
205: [1, 1, 0] [[0.822483703494072, 0.6155491471290588], [0.9421517252922058, 0.6155491471290588], [0.03702998161315918, 0.9495533034205437]]
206: [1, 1, 0] [[0.8683706372976303, 0.5222541093826294], [0.9684905596077442, 0.36828792095184326], [0.08209413290023804, 0.9858411494642496]]
207: [1, 1, 0] [[0.9576940126717091, 0.3732321262359619], [1.0171529054641724, 0.3145763874053955], [0.05701565742492676, 1.0218260418623686]]
208: [1, 1, 0] [[0.9265440180897713, 0.364107608795166], [0.9911215398460627, 0.5194687843322754], [0.29268205165863037, 1.1865724474191666]]
209: [1, 1, 0] [[1.1227105408906937, 0.5561711490154266], [1.2007927596569061, 0.5337767004966736], [0.11862301826477051, 1.228270411491394]]
210: [1, 1, 0] [[0.9379248358309269, 0.530791848897934], [1.1762677729129791, 0.5409164130687714], [0.060342252254486084, 1.1875023394823074]]
211: [1, 0] [[1.250422179698944, 0.05749911069869995], [0.097908616065979, 1.1895742267370224]]
212: [1, 1, 0] [[0.7346900105476379, 0.6937481462955475], [1.1557653993368149, 0.6319279968738556], [0.04747152328491211, 1.2182076275348663]]
213: [1, 1, 0] [[1.0241390112787485, 0.45540475845336914], [1.3119269013404846, 0.5857685208320618], [0.1793811321258545, 1.2214788049459457]]
214: [1, 1, 0] [[0.8096021264791489, 0.5878561437129974], [1.2113378643989563, 0.5865547358989716], [0.041131675243377686, 1.2838975191116333]]
215: [1, 1, 0] [[0.8510322123765945, 0.5836317539215088], [1.2930052876472473, 0.5847612023353577], [0.02768564224243164, 1.2927967309951782]]
216: [1, 1, 0] [[0.8295464813709259, 0.5998437404632568], [1.2718577980995178, 0.5587400197982788], [0.059158146381378174, 1.2864211201667786]]
217: [1, 1, 0] [[0.9696491789072752, 0.558495968580246], [1.275837481021881, 0.5450168550014496], [0.03672754764556885, 1.2517083585262299]]
218: [1, 1, 0] [[0.8794903829693794, 0.5497109293937683], [1.203803911805153, 0.6443422734737396], [0.14654982089996338, 1.19041708111763]]
219: [1, 1, 0] [[0.9471336752176285, 0.6464143991470337], [1.2170221507549286, 0.5772542655467987], [0.022008180618286133, 1.2107564508914948]]
220: [1, 1, 0] [[0.9735048860311508, 0.5768566131591797], [1.248054325580597, 0.5942581593990326], [0.07938671112060547, 1.2642124593257904]]
221: [1, 1, 0] [[0.8775129169225693, 0.613477349281311], [1.2420035600662231, 0.5700278580188751], [0.13729435205459595, 1.218246191740036]]
222: [1, 1, 0] [[0.8438902795314789, 0.6636735796928406], [1.2917439341545105, 0.6947923600673676], [0.07577866315841675, 1.3200038075447083]]
223: [1, 1, 0] [[0.8986722379922867, 0.7880827188491821], [1.3102515935897827, 0.7483630478382111], [0.23549103736877441, 1.2602951526641846]]
224: [1, 1, 0] [[0.8618138432502747, 0.7287229895591736], [1.2322387099266052, 0.6988785862922668], [0.035695672035217285, 1.2276996225118637]]
225: [1, 1, 0] [[0.8590374141931534, 0.7116642892360687], [1.2174427211284637, 0.7032332122325897], [0.02216094732284546, 1.2193416506052017]]
226: [1, 1, 0] [[0.8716307878494263, 0.498943030834198], [1.1872400790452957, 0.5402267873287201], [0.07990837097167969, 1.2367685586214066]]
227: [1, 1, 0] [[0.8442947119474411, 0.5471919775009155], [1.256982535123825, 0.5225681364536285], [0.04303574562072754, 1.2589747607707977]]
228: [1, 1, 0] [[0.8412283807992935, 0.571409285068512], [1.2239564210176468, 0.5469101369380951], [0.06657224893569946, 1.256237119436264]]
229: [1, 1, 0] [[0.7861189544200897, 0.4505084753036499], [1.2652279436588287, 0.5376209020614624], [0.01941704750061035, 1.249732568860054]]
230: [1, 1, 0] [[0.8174642473459244, 0.5443646907806396], [1.1948019713163376, 0.3991970419883728], [0.018981516361236572, 1.2071106731891632]]
231: [1, 1, 0] [[0.7627807855606079, 0.4326797127723694], [1.2792344987392426, 0.619045615196228], [0.1573740839958191, 1.2096387445926666]]
232: [1, 1, 0] [[0.9455638341605663, 0.7131188809871674], [1.2019238322973251, 0.7134998142719269], [0.0763237476348877, 1.2530604600906372]]
233: [1, 1, 0] [[0.8699838668107986, 0.6999339163303375], [1.2092346101999283, 0.5312861502170563], [0.03180903196334839, 1.2155173569917679]]
234: [1, 1, 0] [[0.8590904325246811, 0.5710299611091614], [1.2090559154748917, 0.5998424589633942], [0.02089405059814453, 1.235475867986679]]
235: [1, 1, 0] [[0.8918555825948715, 0.5854678153991699], [1.2549984157085419, 0.6427876055240631], [0.03202635049819946, 1.204154595732689]]
236: [1, 1, 0] [[0.8734972923994064, 0.536195307970047], [1.227686583995819, 0.6187461614608765], [0.031048357486724854, 1.212934672832489]]
237: [1, 1, 0] [[0.871799036860466, 0.6337887346744537], [1.200998067855835, 0.6869260668754578], [0.01960468292236328, 1.2044814825057983]]
238: [1, 1, 0] [[0.8664212226867676, 0.8150589019060135], [1.187978446483612, 0.72573122382164], [0.03195464611053467, 1.1764839738607407]]
239: [1, 1, 0] [[0.8353928625583649, 0.6743521988391876], [1.2147625088691711, 0.6890468001365662], [0.056208908557891846, 1.2781955301761627]]
240: [0, 1, 0] [[0.7490511238574982, 0.8058831244707108], [0.8062157332897186, 0.003083944320678711], [0.8374798893928528, 1.2414219081401825]]
241: [0, 1, 0] [[0.8056822121143341, 0.8362494260072708], [0.7494724094867706, 0.07173120975494385], [0.8076282292604446, 1.270846575498581]]
242: [1, 1, 0] [[0.8419257253408432, 0.7502298653125763], [1.2600846886634827, 0.7820636928081512], [0.07655525207519531, 1.1842433214187622]]
243: [1, 1, 0] [[0.8604122996330261, 0.7986542582511902], [1.2332417219877243, 0.8276568353176117], [0.052428483963012695, 1.2706338465213776]]
244: [1, 1, 0] [[0.9321012124419212, 0.8083094358444214], [1.2638687789440155, 0.7894203513860703], [0.020724236965179443, 1.2508074045181274]]
245: [1, 1, 0] [[0.8568808883428574, 0.7682381123304367], [1.2716379165649414, 0.8206543475389481], [0.011536002159118652, 1.2844539880752563]]
246: [1, 1, 0] [[0.9488746337592602, 0.7340222299098969], [1.281486690044403, 0.6502497494220734], [0.024248480796813965, 1.2583333849906921]]
247: [1, 1, 0] [[1.2740741670131683, 0.019081294536590576], [1.0122627429664135, 0.7451930046081543], [0.034331560134887695, 1.0158391259610653]]
248: [1, 1, 0] [[0.9339855909347534, 0.09916210174560547], [1.1437445133924484, 0.7781101167201996], [0.05941414833068848, 1.1198772341012955]]
249: [1, 1, 0] [[0.9079748168587685, 0.6589330732822418], [1.1464787721633911, 0.7030890583992004], [0.022608041763305664, 1.1555063426494598]]
250: [1, 1, 0] [[0.9628625698387623, 0.7248049378395081], [1.1367631703615189, 0.664768397808075], [0.01029282808303833, 1.1403453201055527]]
251: [1, 1, 0] [[0.9475330747663975, 0.7163778841495514], [1.1841667741537094, 0.7117595374584198], [0.06580960750579834, 1.1829480528831482]]
252: [1, 1, 0] [[0.9903980372473598, 0.6861512959003448], [1.1695477813482285, 0.6089977324008942], [0.07502925395965576, 1.1397117674350739]]
253: [1, 1, 0] [[0.9195676743984222, 0.6596271991729736], [1.1304124742746353, 0.5869746208190918], [0.14225727319717407, 1.200796753168106]]
254: [1, 1, 0] [[1.00629921304062, 0.5388471186161041], [1.2152260392904282, 0.570030152797699], [0.0030649900436401367, 1.223925843834877]]
255: [1, 1, 0] [[1.0039351768791676, 0.6297959983348846], [1.2077197581529617, 0.6682132482528687], [0.011520326137542725, 1.1921625435352325]]
256: [1, 1, 0] [[0.9970405213534832, 0.5932765305042267], [1.152144804596901, 0.6109936833381653], [0.1189032793045044, 1.1900622099637985]]
257: [1, 1, 0] [[1.0486951358616352, 0.6159221827983856], [1.2062905579805374, 0.644983559846878], [0.003179609775543213, 1.2232697010040283]]
258: [1, 1, 0] [[1.0593578219413757, 0.6381748914718628], [1.205808773636818, 0.6537908315658569], [0.032205283641815186, 1.2036257684230804]]
259: [1, 1, 0] [[0.9966581016778946, 0.6609162986278534], [1.1885379999876022, 0.6718145310878754], [0.004960298538208008, 1.1784091740846634]]
260: [1, 1, 0] [[0.997400376945734, 0.6736001670360565], [1.169307380914688, 0.6661910116672516], [0.0002193450927734375, 1.167917400598526]]
261: [1, 1, 0] [[0.978981290012598, 0.6957321763038635], [1.1661940664052963, 0.6863221824169159], [0.0473942756652832, 1.1245410591363907]]
262: [1, 1, 0] [[0.9202853441238403, 0.6867638230323792], [1.1190405115485191, 0.6926157176494598], [0.0034688711166381836, 1.1253255009651184]]
263: [1, 1, 0] [[1.1186388581991196, 0.08975183963775635], [0.9014761745929718, 0.5969536602497101], [0.042381346225738525, 1.018580548465252]]
264: [1, 1, 0] [[1.1227715089917183, 0.6512214541435242], [0.9975952804088593, 0.6367505788803101], [0.002600431442260742, 0.9874286893755198]]
265: [1, 1, 0] [[1.1159637421369553, 0.6367689073085785], [1.001308236271143, 0.6216890811920166], [0.0005657076835632324, 1.010684259235859]]
266: [1, 1, 0] [[1.016297947615385, 0.06457668542861938], [1.1233142837882042, 0.6650541722774506], [0.03110671043395996, 1.1639912873506546]]
267: [1, 1, 0] [[1.0398430861532688, 0.6706342101097107], [1.163764774799347, 0.6747651696205139], [0.010265946388244629, 1.183076173067093]]
268: [1, 0] [[1.0320989973843098, 0.6755512654781342], [0.031021595001220703, 1.0373101383447647]]
269: [1, 0] [[1.0462164133787155, 0.005863368511199951], [0.014194905757904053, 0.9883931307122111]]
270: [1, 0] [[0.9874206176027656, 6.687641143798828e-05], [0.0002276301383972168, 0.986001905053854]]
271: [1, 0] [[0.9641956426203251, 0.016445934772491455], [0.02675318717956543, 0.9618544913828373]]
272: [1, 0] [[0.9583129435777664, 0.0008972287178039551], [0.00927424430847168, 0.9465556889772415]]
273: [1, 0] [[0.9667217321693897, 0.020102083683013916], [0.07921445369720459, 0.9324414879083633]]
274: [1, 1, 0] [[0.9361160770058632, 0.0030964016914367676], [1.0949771255254745, 0.6739722788333893], [0.055185556411743164, 1.1223667338490486]]
275: [1, 1, 0] [[0.9289574772119522, 0.6852453351020813], [1.1223667338490486, 0.6852453351020813], [0.0, 1.1223667338490486]]
276: [1, 1, 0] [[0.9449247345328331, 0.6672290563583374], [1.1101456880569458, 0.607428103685379], [0.07199358940124512, 1.102042704820633]]
277: [1, 1, 0] [[0.9892390556633472, 0.6098729372024536], [1.1027634516358376, 0.6022285521030426], [0.00011110305786132812, 1.102004773914814]]
278: [1, 1, 0] [[0.9926608949899673, 0.609034538269043], [1.0565785691142082, 0.6702623665332794], [0.03482460975646973, 1.0452667325735092]]
279: [1, 1, 0] [[0.9862583018839359, 0.6741846203804016], [1.0531812459230423, 0.6884974539279938], [0.0015001893043518066, 1.0426559261977673]]
280: [1, 1, 0] [[0.9806935824453831, 0.6821553111076355], [1.0456826612353325, 0.6803325712680817], [0.0, 1.0456826612353325]]
281: [1, 1, 0] [[0.9812340140342712, 0.7000263631343842], [1.08177450299263, 0.7050768733024597], [0.0370793342590332, 1.0788044854998589]]
282: [1, 1, 0] [[0.9768701214343309, 0.7055597901344299], [1.088614895939827, 0.7249369025230408], [0.0001220703125, 1.0872411876916885]]
283: [1, 0] [[0.9744539391249418, 0.7974118739366531], [0.021214723587036133, 1.01244674064219]]
284: [1, 1, 0] [[1.0079856934025884, 0.0005782842636108398], [1.0720920041203499, 0.7834409177303314], [0.0061154961585998535, 1.079520434141159]]
285: [1, 0] [[1.0062302015721798, 0.7834409177303314], [0.0066031813621521, 0.9926825016736984]]
286: [1, 1, 0] [[1.0066107399761677, 0.008672952651977539], [1.084417499601841, 0.7378797233104706], [0.018423795700073242, 1.0818635672330856]]
287: [1, 1, 0] [[0.9597436338663101, 0.7304568886756897], [1.075731948018074, 0.7355073988437653], [0.0080031156539917, 1.0901511907577515]]
288: [1, 0] [[0.9988874457776546, 0.7338760495185852], [0.027943670749664307, 0.9809743035584688]]
289: [1, 0] [[0.9872838212177157, 0.004285216331481934], [0.00323563814163208, 0.999267403036356]]
290: [1, 0] [[0.9810018204152584, 0.005899906158447266], [0.005637109279632568, 1.017387891188264]]
291: [1, 0] [[1.0457471795380116, 0.020404160022735596], [0.040769755840301514, 1.0574102066457272]]
292: [1, 0] [[1.0410056747496128, 0.016741633415222168], [0.011529624462127686, 1.0163333099335432]]
293: [1, 0] [[1.0606375634670258, 0.013664960861206055], [0.02626436948776245, 1.0461587086319923]]
294: [1, 0] [[1.0425908043980598, 0.0010460615158081055], [0.0035049915313720703, 1.0680589005351067]]
295: [1, 0] [[1.0679285004734993, 0.0007039308547973633], [0.0014470219612121582, 1.0773174241185188]]
296: [1, 0] [[1.0882643684744835, 0.006787717342376709], [0.018059194087982178, 1.0918503031134605]]
297: [1, 0] [[1.0698895826935768, 0.005564987659454346], [0.004581153392791748, 1.0661210715770721]]
298: [1, 1, 0] [[1.0623030811548233, 0.02077353000640869], [1.076061651110649, 0.7093631327152252], [0.020137131214141846, 1.0851608142256737]]
299: [1, 1, 0] [[1.072469748556614, 0.669552743434906], [1.072097584605217, 0.6615573465824127], [0.012953221797943115, 1.1021073013544083]]
300: [1, 1, 0] [[1.0796601921319962, 0.6474982500076294], [1.109978660941124, 0.6536707282066345], [0.0033310651779174805, 1.1202350929379463]]
301: [1, 0] [[1.0762740224599838, 0.6760687828063965], [0.013968408107757568, 1.069400578737259]]
302: [1, 0] [[1.0703332275152206, 0.004363656044006348], [0.007753610610961914, 1.07313933968544]]
303: [1, 0] [[1.0588380359113216, 0.01852571964263916], [0.018455564975738525, 1.053539652377367]]
304: [1, 0] [[1.0536354407668114, 9.328126907348633e-05], [0.002035677433013916, 1.0737218335270882]]
305: [1, 0] [[1.076119251549244, 0.0009935498237609863], [0.00520700216293335, 1.0881149619817734]]
306: [1, 0] [[1.0675604939460754, 0.04667693376541138], [0.022114813327789307, 1.036135233938694]]
307: [1, 0] [[1.0282229464501143, 0.004238307476043701], [0.005111753940582275, 1.0259655825793743]]
308: [1, 0] [[1.0242981910705566, 0.025312840938568115], [0.016968846321105957, 1.0470500513911247]]
309: [1, 0] [[1.051689337939024, 0.0025064945220947266], [0.018976986408233643, 1.0238256864249706]]
310: [1, 0] [[1.0175860039889812, 0.010149061679840088], [0.017256498336791992, 1.0510475002229214]]
311: [1, 0] [[1.060785185545683, 0.00921332836151123], [0.015420734882354736, 1.0391037724912167]]
312: [1, 0] [[1.0704846605658531, 0.010910570621490479], [0.009247839450836182, 1.0225518383085728]]
313: [1, 0] [[1.020344477146864, 0.006724953651428223], [0.029807627201080322, 1.0532208532094955]]
314: [1, 0] [[1.0585108324885368, 0.011515498161315918], [0.016285419464111328, 0.9868314601480961]]
315: [1, 0] [[0.9651135951280594, 0.007842063903808594], [0.016348958015441895, 1.0030951611697674]]
316: [1, 0] [[0.982081888243556, 0.003428936004638672], [0.02513498067855835, 0.9803048502653837]]
317: [1, 0] [[0.9974989295005798, 0.004976093769073486], [0.017543137073516846, 1.004981350619346]]
318: [1, 0] [[1.0055304844863713, 0.016838252544403076], [0.022480130195617676, 0.9788509458303452]]
319: [1, 0] [[0.9690340608358383, 0.0042310357093811035], [0.008649051189422607, 0.9961658676620573]]
320: [1, 0] [[1.0096203833818436, 0.005099236965179443], [0.009937882423400879, 0.9843437187373638]]
321: [1, 0] [[0.9935593586415052, 0.005386233329772949], [0.0224306583404541, 1.0163574572652578]]
322: [1, 0] [[1.0240573547780514, 0.0017409324645996094], [0.011562824249267578, 1.055354818701744]]
323: [1, 0] [[1.047887660562992, 0.005520761013031006], [0.03428292274475098, 1.020704410970211]]
324: [1, 0] [[1.025179186835885, 0.0021576285362243652], [0.00898599624633789, 0.993104362860322]]
325: [1, 0] [[0.989011911675334, 0.0030350089073181152], [0.010571181774139404, 0.9803073201328516]]
326: [1, 0] [[1.0159285720437765, 0.00594782829284668], [0.020658135414123535, 0.9722894467413425]]
327: [1, 0] [[0.948353610932827, 0.014149010181427002], [0.01663827896118164, 0.9737587198615074]]
328: [1, 0] [[1.0048241689801216, 0.011692345142364502], [0.021064937114715576, 1.0299740228801966]]
329: [1, 0] [[0.9827062040567398, 0.009623825550079346], [0.005957961082458496, 0.9870237484574318]]
330: [1, 0] [[1.0579629614949226, 0.019722163677215576], [0.013248264789581299, 1.0773678049445152]]
331: [1, 0] [[1.0662639290094376, 0.0161130428314209], [0.009043693542480469, 1.051359437406063]]
332: [1, 0] [[1.0478480830788612, 0.007609665393829346], [0.013916850090026855, 1.0429997965693474]]
333: [1, 0] [[1.0291942078620195, 0.020820319652557373], [0.021724224090576172, 1.034328866750002]]
334: [1, 0] [[1.065531112253666, 0.010396003723144531], [0.027988016605377197, 1.1188831180334091]]
335: [1, 0] [[1.117180347442627, 0.005416512489318848], [0.015369772911071777, 1.0509329251945019]]
336: [1, 0] [[1.0064463545568287, 0.04103785753250122], [0.10610002279281616, 1.031565610319376]]
337: [1, 0] [[1.0513347461819649, 0.009639620780944824], [0.04964005947113037, 1.0393752604722977]]
338: [1, 0] [[1.0176768116652966, 0.020019173622131348], [0.024382412433624268, 1.0207701828330755]]
339: [1, 0] [[1.0237882789224386, 0.0032731294631958008], [0.05319666862487793, 0.9502187967300415]]
340: [1, 0] [[0.9689271375536919, 0.015049457550048828], [0.02072727680206299, 0.9816615376621485]]
341: [1, 0] [[0.9797108601778746, 0.02813577651977539], [0.04391205310821533, 0.9978642724454403]]
342: [1, 0] [[1.0049916580319405, 0.002257049083709717], [0.025489449501037598, 0.9949358887970448]]
343: [1, 0] [[1.0105005912482738, 0.012601256370544434], [0.03308415412902832, 1.0188065934926271]]
344: [1, 0] [[0.9761055056005716, 0.007685482501983643], [0.01624244451522827, 1.0254625398665667]]
345: [1, 0] [[0.997261606156826, 0.0064198970794677734], [0.007777690887451172, 0.9597033746540546]]
346: [1, 0] [[0.9774271994829178, 0.007764160633087158], [0.016129672527313232, 0.952005922794342]]
347: [1, 0] [[0.9945037662982941, 0.01986294984817505], [0.016427278518676758, 1.0154485926032066]]
348: [1, 0] [[1.009442675858736, 0.006171166896820068], [0.016648828983306885, 1.0120931640267372]]
349: [1, 0] [[1.0140334405004978, 0.0027794837951660156], [0.006434619426727295, 1.0069855530746281]]
350: [1, 0] [[1.0041737970896065, 0.002319931983947754], [0.015204668045043945, 0.967411458492279]]
351: [1, 0] [[0.9838646054267883, 0.01665198802947998], [0.019141972064971924, 0.9737995080649853]]
352: [1, 0] [[0.9693539720028639, 0.02911818027496338], [0.02276402711868286, 0.970299981534481]]
353: [1, 0] [[0.9534094519913197, 0.015557646751403809], [0.025518357753753662, 0.9437823668122292]]
354: [1, 0] [[0.9453981295228004, 0.008553028106689453], [0.01342153549194336, 0.9536626674234867]]
355: [1, 0] [[0.9352777451276779, 0.0073476433753967285], [0.013834238052368164, 0.9125110432505608]]
356: [1, 1, 0] [[1.1354887187480927, 0.7453812062740326], [0.8735870718955994, 0.7562887072563171], [0.01095128059387207, 0.8955933675169945]]
357: [1, 1, 0] [[1.1302344650030136, 0.7750988006591797], [0.8860108852386475, 0.7738612145185471], [0.012938857078552246, 0.86732117831707]]
358: [1, 0] [[0.916802279651165, 0.018568038940429688], [0.026382744312286377, 0.9228305742144585]]
359: [1, 1, 0] [[1.0889090523123741, 0.7319891452789307], [0.9295450672507286, 0.7064248323440552], [0.014955222606658936, 0.889660157263279]]
360: [1, 0] [[0.8691217452287674, 0.005214333534240723], [0.012592911720275879, 0.9182210639119148]]
361: [1, 0] [[0.9006549641489983, 0.014853835105895996], [0.01908266544342041, 0.9085819348692894]]
362: [1, 0] [[0.9020894467830658, 0.010888397693634033], [0.015712738037109375, 0.9392339438199997]]
363: [1, 0] [[0.9632352478802204, 0.018007516860961914], [0.013421237468719482, 0.9512316584587097]]
364: [1, 0] [[0.9284210279583931, 0.004937589168548584], [0.005944728851318359, 0.9236907288432121]]
365: [1, 0] [[0.9368031024932861, 0.004931211471557617], [0.006273388862609863, 0.9287644997239113]]
366: [1, 0] [[0.9404257014393806, 0.006668686866760254], [0.012593865394592285, 0.9618435315787792]]
367: [1, 0] [[0.9512579403817654, 0.009653925895690918], [0.016263365745544434, 0.9339013993740082]]
368: [1, 0] [[0.8918424472212791, 0.044183552265167236], [0.009742975234985352, 0.9109032452106476]]
369: [1, 0] [[0.974064415320754, 0.02923870086669922], [0.003421187400817871, 0.9830636177212]]
370: [1, 0] [[0.9728175513446331, 0.011877238750457764], [0.014156222343444824, 0.989851008169353]]
371: [1, 0] [[0.9795090593397617, 0.036317408084869385], [0.018661141395568848, 0.9400434494018555]]
372: [1, 0] [[0.9169876649975777, 0.014497220516204834], [0.010870695114135742, 0.8595927953720093]]
373: [1, 0] [[0.8914470449090004, 0.028249919414520264], [0.012942969799041748, 0.8666906803846359]]
374: [1, 0] [[0.8793761432170868, 0.007428228855133057], [0.012400209903717041, 0.9132652655243874]]
375: [1, 0] [[0.920010082423687, 0.012400150299072266], [0.010336697101593018, 0.8970766514539719]]
376: [1, 0] [[0.8795236796140671, 0.026284098625183105], [0.018013954162597656, 0.8742963224649429]]
377: [1, 0] [[0.8803445398807526, 0.005945801734924316], [0.02681511640548706, 0.8959148898720741]]
378: [1, 0] [[0.887626126408577, 0.025874555110931396], [0.016139984130859375, 0.8615109175443649]]
379: [1, 0] [[0.8892315924167633, 0.02696669101715088], [0.02261638641357422, 0.9567614495754242]]
380: [1, 0] [[0.9726353511214256, 0.01743769645690918], [0.020744025707244873, 0.9540508091449738]]
381: [1, 0] [[0.9181448146700859, 0.026005029678344727], [0.020117461681365967, 0.9500216171145439]]
382: [1, 0] [[0.983425559476018, 0.012001574039459229], [0.04099750518798828, 1.0724483504891396]]
383: [1, 1, 0] [[1.0538591966032982, 0.0168914794921875], [1.163120374083519, 0.7454366981983185], [0.034895479679107666, 1.1497628539800644]]
384: [1, 0] [[0.9788973573595285, 0.7849203050136566], [0.12126368284225464, 0.9357285052537918]]
385: [1, 0] [[0.9268041774630547, 0.00021123886108398438], [0.006505310535430908, 0.9591362290084362]]
386: [1, 0] [[0.9938281252980232, 0.01575237512588501], [0.007064700126647949, 1.0163192357867956]]
387: [1, 0] [[0.9953833450563252, 0.007377445697784424], [0.0001207590103149414, 0.9959400482475758]]
388: [1, 0] [[0.9518872201442719, 0.022736430168151855], [0.009768843650817871, 0.9410475045442581]]
389: [1, 0] [[0.944693312048912, 0.001339554786682129], [0.00315934419631958, 0.9198267310857773]]
390: [1, 0] [[0.9102110788226128, 0.0034339427947998047], [3.9696693420410156e-05, 0.9087826162576675]]
391: [1, 0] [[0.9489420801401138, 0.012667596340179443], [0.011775851249694824, 0.9944122582674026]]
392: [1, 0] [[0.9810043144971132, 0.0038695335388183594], [0.0011305809020996094, 0.9661902822554111]]
393: [1, 0] [[0.9785555824637413, 0.014252424240112305], [0.03234267234802246, 0.9676854126155376]]
394: [1, 0] [[0.9621755592525005, 0.01333761215209961], [0.010297238826751709, 0.9245373457670212]]
395: [1, 0] [[0.9116050079464912, 0.004572749137878418], [0.006009876728057861, 0.9530543759465218]]
396: [1, 0] [[0.9433807022869587, 0.00972050428390503], [0.04697984457015991, 0.9274495840072632]]
397: [1, 0] [[0.9255830273032188, 0.0009354352951049805], [0.0006397366523742676, 0.9192005321383476]]
398: [1, 1, 0] [[0.912219800055027, 0.022102713584899902], [1.0972881093621254, 0.6845500767230988], [0.06359595060348511, 1.1182594448328018]]
399: [1, 1, 0] [[0.9469662196934223, 0.7012448012828827], [1.0762243270874023, 0.7562360316514969], [0.004191994667053223, 1.0747473314404488]]
400: [1, 1, 0] [[0.9453803226351738, 0.7632454335689545], [1.1041035428643227, 0.7625060081481934], [0.0003610849380493164, 1.1075954884290695]]
401: [1, 1, 0] [[1.0198397915810347, 0.7413862943649292], [1.0987457409501076, 0.7367525398731232], [0.06896793842315674, 1.1342339217662811]]
402: [1, 1, 0] [[1.0419021733105183, 0.7219590246677399], [1.1200266033411026, 0.7345354855060577], [0.02879488468170166, 1.1473258137702942]]
403: [1, 0] [[1.0019715838134289, 0.7562542706727982], [0.08257508277893066, 0.9745223429054022]]
404: [1, 0] [[0.9984340593218803, 0.006051421165466309], [0.01224219799041748, 1.0399605743587017]]
405: [1, 0] [[1.0145355816930532, 0.02397739887237549], [0.00849771499633789, 1.0121601484715939]]
406: [1, 0] [[1.0368114151060581, 0.010740399360656738], [0.12053072452545166, 0.949963204562664]]
407: [1, 0] [[0.9167402535676956, 0.006988108158111572], [0.017939329147338867, 0.938491016626358]]
408: [1, 0] [[0.948379635810852, 0.022555112838745117], [0.0911935567855835, 1.035791590809822]]
409: [1, 0] [[0.9969670549035072, 0.020452797412872314], [0.009385943412780762, 0.9786192122846842]]
410: [1, 0] [[1.0030171836260706, 0.017383933067321777], [0.013087928295135498, 0.9973743855953217]]
411: [1, 0] [[0.9587452709674835, 0.01660597324371338], [0.0949481725692749, 0.9818049222230911]]
412: [1, 0] [[0.9639035314321518, 0.006263136863708496], [0.033586323261260986, 0.971320852637291]]
413: [1] [[1.0321245342493057, 0.07241660356521606]]
414: [1] [[1.0102060176432133, 0.0064460039138793945]]
415: [1] [[1.0043925275094807, 0.005042135715484619]]
416: [1] [[1.0287365578114986, 0.041561782360076904]]
417: [1] [[1.0191486030817032, 0.004221081733703613]]
418: [1] [[0.9802952632308006, 0.08788716793060303]]
419: [1] [[0.9549983069300652, 0.007954001426696777]]
420: [1] [[0.9645034931600094, 0.008416593074798584]]
421: [1, 1] [[1.1977570056915283, 0.6893316805362701], [0.9961941835936159, 0.6998920440673828]]
422: [1] [[0.985706077888608, 0.012548267841339111]]
423: [1, 1] [[1.1803555488586426, 0.6257669925689697], [0.9844834972172976, 0.5361208915710449]]
424: [1, 1] [[1.0467564761638641, 0.0697556734085083], [1.1778242588043213, 0.5818231105804443]]
425: [1] [[1.0686322525143623, 0.5720867812633514]]
426: [1, 1] [[0.9521871767938137, 0.13922137022018433], [1.178787276148796, 0.4989144206047058]]
427: [1, 1] [[0.9773085415363312, 0.49294304847717285], [1.2282931804656982, 0.6540394127368927]]
428: [1, 1] [[0.8956546485424042, 0.6362658441066742], [1.1408631503582, 0.5285349488258362]]
429: [1, 1] [[0.8943359702825546, 0.5243805646896362], [1.2040146589279175, 0.4927830696105957]]
430: [1, 1] [[0.8918761685490608, 0.4943792223930359], [1.1916738152503967, 0.5151061415672302]]
431: [1, 1] [[0.9598400816321373, 0.4900447130203247], [1.233297273516655, 0.5140603184700012]]
432: [1, 1] [[0.963409535586834, 0.5257841646671295], [1.2428091168403625, 0.5426515936851501]]
433: [1] [[1.2435056269168854, 0.21315401792526245]]
434: [1] [[1.2392783612012863, 0.009839177131652832]]
435: [1] [[1.2200356423854828, 0.004411578178405762]]
439: [1] [[1.2149565368890762, 0.14612722396850586]]
440: [1] [[1.2357079237699509, 0.009933948516845703]]
