91: [0] [[]]
92: [0] [[0.01581791360178042]]
93: [0] [[0.0]]
94: [0] [[0.10285865847685771]]
95: [0] [[0.14415898903218227]]
96: [0] [[0.0954931011358019]]
97: [0] [[0.10274840896959536]]
98: [0] [[0.01058824173851447]]
99: [0] [[0.07601075626663067]]
100: [0] [[2.5976399742333456e-07]]
101: [0] [[0.25819403461805446]]
102: [0] [[0.18128533165045624]]
103: [0] [[0.0]]
104: [0, 1] [[0.4543401534336622], [0.577047578310631]]
105: [0, 1] [[0.010139585401708118, 0.5579877369877468], [0.5566861127768366, 0.00010850728232192353]]
106: [0, 1] [[0.2241880055343376, 0.5241717313617392], [0.6463394163289663, 0.24106712325368163]]
107: [0, 1] [[0.02625111920013512, 0.6704887508471568], [0.6704887508471568, 0.0]]
108: [0, 1] [[0.0, 0.6704887508471568], [0.6704887508471568, 0.0]]
109: [0, 1] [[0.3346490285816621, 0.5566482983405766], [0.7634763917504132, 0.2762964065710638]]
110: [0, 1] [[0.05263131944047916, 0.7687246657856132], [0.7254920441316415, 0.038163115530681746]]
111: [0, 1] [[0.2428154737253292, 0.8276435442678737], [0.8161978280813267, 0.06612812535347579]]
112: [0, 1] [[0.047425311739243026, 0.8176497842050144], [0.7685282326031774, 0.041675503475255504]]
113: [0, 1] [[0.08394120387675796, 0.7848593105000274], [0.8345999256756059, 0.04168975856398549]]
114: [0, 1] [[0.15767353552446295, 0.6893044161179984], [0.6697341530610446, 0.0956469597114008]]
115: [0, 1] [[0.004036908571691145, 0.6610408787939984], [0.6309890946607534, 0.03344840288178508]]
116: [0, 1] [[0.40571012976384535, 0.6649699354794177], [0.6641405673333733, 0.09760985735961047]]
117: [0, 1] [[0.14838602823739455, 0.6433969498834993], [0.6496351594567477, 0.0013209321541364227]]
118: [0, 1] [[0.000281821648577707, 0.6503918856662811], [0.6503918856662811, 0.0]]
119: [0, 1] [[0.17748190313864998, 0.8287508537522059], [0.7606428469076305, 0.4243748394350385]]
120: [0, 1] [[0.02852766672304774, 0.7801862707770889], [0.7960331923277141, 0.12380057371416353]]
121: [0, 1] [[0.3048592367094123, 0.726081564331754], [0.5911207618920842, 0.2665147666077914]]
122: [0, 1] [[0.0015118000418885558, 0.5950142576856424], [0.5692044811552128, 0.031573465225096076]]
123: [0, 1] [[0.00012411925385114042, 0.5708921188910718], [0.573026838689712, 0.001512445351792513]]
124: [0] [[0.08107607935719185, 0.5866896198204581]]
125: [0] [[8.133816137811944e-05, 0.5854971652312353]]
126: [2] [[0.8337709398905834, 0.7777275384480489]]
127: [2] [[0.736279875115118, 0.8055664442168043, 0.05250560254076764]]
128: [0] [[0.45171928194509925, 0.7460401125719125, 0.47635038658409]]
129: [0] [[0.18835592400321133, 0.6818035929558488, 0.6451283669806355]]
130: [0] [[0.00689146535723606, 0.69713507789402, 0.6212825960504473]]
131: [0] [[0.1547377158166623, 0.67437663184294, 0.7456760444120379]]
132: [0] [[0.02315279245282731, 0.7289933748587412, 0.8024208200331818]]
133: [0] [[0.027795391920085066, 0.7041899201599504, 0.7280040931146207]]
134: [0] [[0.24178296489713458, 0.6949677144364746, 0.4113269197294521]]
135: [0] [[0.0008104258279023613, 0.7001360378571335, 0.4225547490576279]]
136: [0, 1] [[0.14711518105660015, 0.7323521849175463, 0.6475517189303386], [0.6755572172935118, 0.14444657343843825, 0.6817582189198333]]
137: [0, 1] [[0.0049787146400140925, 0.666561268967091, 0.618316143831599], [0.6795203518541617, 0.004184713967956499, 0.6863259651694542]]
138: [0, 1] [[0.005221130586556821, 0.6728617532349633, 0.626924736034937], [0.6452769632390386, 0.020781070983788674, 0.6713058425846566]]
139: [0] [[0.08734488294927134, 0.697429401273091, 0.7962094667263511]]
140: [0] [[0.0014424687752953025, 0.7024197331757198, 0.796596788715407]]
141: [0] [[0.11202028356866944, 0.6608453608647907, 0.7589826474855204]]
142: [0] [[0.011992101671151945, 0.6914065912901064, 0.7695925803025643]]
143: [0] [[1.655914183551488e-08, 0.6914485167100742, 0.769627676073345]]
144: [0] [[0.14085840601328592, 0.7201077683830333, 0.7361006294595458]]
145: [0, 1] [[0.01929871338197575, 0.713558967081056, 0.7488776329009403], [0.7504388150772037, 0.06972015319741598, 0.7820003454748798]]
146: [0, 1] [[0.03807978760771913, 0.7153861244533186, 0.6962253631255103], [0.7232304681562165, 0.050535106135582875, 0.7090684016075246]]
147: [0, 1] [[0.0255596418667996, 0.7323848132238784, 0.7435657913297155], [0.7344631947894951, 0.015231498684324829, 0.7131168052589574]]
148: [0, 1] [[4.225001037916343e-07, 0.7343698501129294, 0.7434871398032049], [0.729306365916822, 0.012056122136365977, 0.6764525470358431]]
149: [0, 1] [[0.03507308869641346, 0.7847661439490966, 0.7308171680556981], [0.7182377559726012, 0.09169863669333223, 0.665888300626625]]
150: [0, 1] [[0.04318078908213807, 0.6881912529046554, 0.6812524905570416], [0.6813784372448728, 0.0031899304255472716, 0.6547254266223953]]
151: [0, 1] [[0.04648938789906443, 0.6637958538553108, 0.7480880253711668], [0.739344267591257, 0.10224353683335208, 0.6332462558978139]]
152: [0, 1] [[0.09775482207920572, 0.7601986789859324, 0.5692046584219774], [0.7056740998915874, 0.04692919074863866, 0.6373371580674934]]
153: [0, 1] [[0.0005396121581865421, 0.7047715356718784, 0.5681820502970416], [0.7054615997692697, 0.00017094113450788484, 0.6397559246349042]]
154: [0, 1] [[0.22416172820642144, 0.6704290696959836, 0.8091801761359334], [0.6630877526187271, 0.1242414156635061, 0.6748613491852365]]
155: [0, 1] [[0.004730583775281794, 0.66673427140101, 0.82629818479672], [0.6995975687890028, 0.021809009583530603, 0.7109020025357066]]
156: [0, 1] [[0.045469719951263365, 0.7314259105103393, 0.8009035107056317], [0.702816801693743, 0.05860273217494005, 0.6698039872378266]]
157: [0, 1] [[0.046795872122172844, 0.6864954497132627, 0.7838250022213527], [0.6863592069929287, 2.1753318092732066e-05, 0.6705975277081553]]
158: [0, 1] [[9.501970315106689e-05, 0.6866365247476822, 0.7835646747292088], [0.6866365247476822, 0.0, 0.6705975277081553]]
159: [0, 1] [[0.09991667956014738, 0.7214575665373473, 0.8092428505819603], [0.740304617088704, 0.043165851659024757, 0.6776983327050954]]
160: [0, 1] [[0.03106775034085807, 0.7166643448756315, 0.7849230522103263], [0.7582043337244926, 0.010396070819490344, 0.6987059235295717]]
161: [0, 1] [[0.04078306135301979, 0.720851322400494, 0.6768383471003776], [0.7091901424420464, 0.031902324804822246, 0.6271709306216202]]
162: [0, 1] [[0.06310931406704978, 0.7084656262879458, 0.8138820486969979], [0.6879988841139333, 0.013424728624942928, 0.6020878439766129]]
163: [0, 1] [[0.005595499525757441, 0.6889971496856864, 0.7720023957451279], [0.6889971496856864, 0.0, 0.6020878439766129]]
164: [2, 1] [[0.38412325233693034, 0.5889608532848583, 0.32600927101732635], [0.7815391738443266, 0.16435214973952295, 0.5372774209633584]]
165: [0, 1] [[0.09878427227208142, 0.735305754462412, 0.2337530513474264], [0.7782607373516847, 0.026960919505867764, 0.547037286450438]]
166: [0, 1] [[0.10300418777375353, 0.8299360272201686, 0.4007533075345917], [0.8685561433600297, 0.11181572163253761, 0.595124352405395]]
167: [0, 1] [[0.004586222101961579, 0.886838818329971, 0.40350825842177285], [0.9388707632973534, 0.009029747823544265, 0.6124205744854399]]
168: [0, 1] [[0.07796042346496712, 0.8799576716274878, 0.41935593786958736], [0.8799576716274878, 0.0, 0.6124205744854399]]
169: [0, 1] [[0.11919970974923799, 1.0068688907881325, 0.48222878345929787], [1.07827503365781, 0.1633750840841688, 0.7333417477653141]]
170: [0, 1] [[0.044017354662481134, 1.03918109418824, 0.45141001261905667], [0.9458477219452605, 0.09088558790359447, 0.5516580408776444]]
171: [0, 1] [[0.06407030818740633, 0.8884060175615609, 0.4361600752707582], [0.7873644701045859, 0.33581759370374564, 0.6374087015033356]]
172: [0, 1] [[0.026469495966284784, 0.8158147653179797, 0.4280238057428204], [0.8496177973369394, 0.058416651600583736, 0.5974624322575373]]
173: [0, 1] [[0.006854565558940373, 0.8432068954636763, 0.4611860096559438], [0.8432068954636763, 0.0, 0.5974624322575373]]
174: [2, 1] [[0.5294603859694301, 0.39103664044631414, 0.2470196238752903], [0.8056116072495889, 0.058958511364882726, 0.4599551779469133]]
175: [2, 1] [[0.7139836660821961, 0.6191749542293319, 0.2547335863357728], [0.803102002239694, 0.016281124599157315, 0.5820584245370284]]
176: [0, 1] [[0.1753161890596443, 0.6859182452978569, 0.4269089020085386], [0.6629356581558097, 0.24435469569256651, 0.5869705018051383]]
177: [0, 1] [[0.011232737229799339, 0.7215837675820027, 0.41989185049019984], [0.7107346270663506, 0.004187916201405351, 0.5890244674784926]]
178: [0, 1] [[0.12470502193916744, 0.8920819671098811, 0.683839549388336], [0.8920819671098811, 0.0, 0.5890244674784926]]
179: [0, 1] [[0.07753041968131591, 0.7717530908450356, 0.6928384683186612], [0.7217369590546054, 0.414678278290314, 0.7903765413619922]]
180: [0, 1] [[0.06487067268334057, 0.7929371635411885, 0.7455053133890162], [0.7970199343543117, 0.0008506495635878242, 0.8002711774773245]]
181: [0, 1] [[0.052044846655098675, 0.7464807358593154, 0.6864881258393152], [0.7579596976909195, 0.17300119874640607, 0.8454447373912439]]
182: [0, 1] [[0.058417216007468964, 0.7803225897625946, 0.7480729066418406], [0.7881104730812354, 0.058343769153561986, 0.7669574715156213]]
183: [0, 1] [[0.12378839698140454, 0.7041361407677647, 0.8155434629950197], [0.7040224350869919, 0.0002692323990177714, 0.7647830609770319]]
184: [0, 1] [[0.019242932112723432, 0.7332045159735845, 0.796998841276399], [0.7205183826101711, 0.04658411586137712, 0.8192884335320401]]
185: [0, 1] [[0.011874755524388547, 0.7252928996217716, 0.7666982725173583], [0.7461401587558265, 0.0031552965451348003, 0.814513253299348]]
186: [0] [[0.21729063332923781, 0.6616723787203047, 0.6824542141996576]]
187: [0] [[0.2713158423907006, 0.3659331939753866, 0.7527348954063678]]
188: [0] [[0.3808842737538387, 0.7461847751742661, 0.6744806014093946]]
189: [0, 1] [[0.05396955740287834, 0.7226538907596265, 0.6359543281001012], [0.7253084034740649, 0.0984837138130843, 0.8432928130413806]]
190: [0, 1] [[0.025377996431191985, 0.7497192139276064, 0.6359282766708589], [0.731329441549585, 0.009521351231494113, 0.8219125950947278]]
191: [0, 1] [[0.03602566041321009, 0.6962460216817832, 0.7071994033242839], [0.7072156266813422, 0.026729013165512017, 0.7996171549236728]]
192: [0, 1] [[0.0008860583298431202, 0.7110084310825121, 0.7075531870531011], [0.694948714622349, 0.005035382076317596, 0.7823346902229962]]
193: [0, 1] [[0.00012001764522517888, 0.6933226495700877, 0.7094463755469429], [0.7032335549594544, 0.010056748554015948, 0.7912151082707994]]
194: [0, 1] [[0.022624024678102872, 0.7066439812531143, 0.7242361046055917], [0.7255278176161979, 0.014673980730396496, 0.7971873312267799]]
195: [0, 1] [[0.005092185242731695, 0.725960890111547, 0.6966506036787732], [0.7481636046274306, 0.009911101276538936, 0.7921453420751878]]
196: [0, 1] [[0.05058966357708472, 0.7384031434417881, 0.7660887948670255], [0.750272870404307, 0.02092154687261194, 0.7935094990384454]]
197: [0, 1] [[0.1046108307363528, 0.6292820288041923, 0.8190401104645166], [0.6330483740645383, 0.004455986453995253, 0.7904742765908309]]
198: [0, 1] [[0.0037071941135147224, 0.6141615664778954, 0.8413514238718853], [0.6110111540344483, 0.008345261543446725, 0.7668948456119989]]
199: [0, 1] [[0.1389134325878204, 0.7423247563096143, 0.8266274269156106], [0.7068150724227923, 0.015642257785867253, 0.7684479044527444]]
200: [0, 1] [[0.002265135615164393, 0.7128723933110658, 0.8355902417681818], [0.7312616011786863, 0.007122972896704383, 0.7660725240128616]]
201: [0, 1] [[0.3104583676084556, 0.5664691095222801, 0.6440396112199689], [0.626088971341928, 0.01917153013449613, 0.7683425912636029]]
202: [0, 1] [[0.012500839884508341, 0.5556491218981204, 0.6540870134179821], [0.5421030513532548, 0.00586817201238532, 0.7511460682106817]]
203: [0, 1] [[3.2156686120554667e-06, 0.5424026431531541, 0.6538529408587002], [0.5240742710368848, 0.0047945488229771405, 0.7606965512133543]]
204: [0, 1] [[0.35701360199042387, 0.7380901132619495, 0.968525844582592], [0.7532788094767428, 0.00972408633041777, 0.7411312209334708]]
205: [0, 1] [[0.029398014630221736, 0.7789262951594119, 1.042102919990189], [0.7563338548127767, 0.02019941304289352, 0.7053351451084939]]
206: [1] [[0.7787109845043962, 0.03733337194617725, 0.735910976601572]]
207: [1] [[0.7310618655952477, 0.04617791707542429, 0.7389750613416262]]
208: [1] [[0.7427996827602839, 0.0073041492120964335, 0.7253964852526873]]
209: [0, 1] [[0.3793312484068707, 0.39940983447186296, 0.8345488493458513], [0.4170277225568907, 0.1522468208331702, 0.6905008386575832]]
210: [0, 1] [[0.04225801735557355, 0.37987576394316613, 0.7675125785895576], [0.39825545867090406, 0.11519311091516327, 0.7215337056033981]]
211: [0, 1] [[0.09747477833782137, 0.4111275966263578, 0.7685577152968546], [0.3752178934473932, 0.2486194112580783, 0.7099163054483949]]
212: [0, 1] [[0.007906813128241708, 0.3968713183952651, 0.7734430175435361], [0.6738558402926642, 0.21398195648524188, 0.8041949547315841]]
213: [0, 1] [[4.061549917377949e-05, 0.6736847091996498, 0.7737011864170119], [0.39509878783344055, 0.16346164590169077, 0.6713704077416602]]
214: [0, 1] [[0.09405061574927176, 0.36217380359640505, 0.7172095583187801], [0.458752881810106, 0.10836564065915522, 0.728708352500864]]
215: [0, 1] [[0.016759317699138743, 0.4300277183485228, 0.6940606770959117], [0.5147892928136959, 0.027039832271496977, 0.8060843087391124]]
216: [0, 1] [[0.054301195660239165, 0.5666945017804517, 0.7442091294566558], [0.7928590437170521, 0.22522341726695005, 0.9785016449553894]]
217: [0, 1] [[0.07024234947588703, 0.8518836629029027, 0.7532722102699456], [0.8484745669543694, 0.06361963673050486, 0.8451661053835139]]
218: [0, 1] [[0.0, 0.8484745669543694, 0.7532722102699456], [0.7868802613527495, 0.04650231896563284, 0.8938792359982509]]
219: [0, 1] [[0.10247498465528904, 0.6928333305064109, 0.6788175773552377], [0.6521508723671734, 0.11139549908312829, 0.9054588304275271]]
220: [0, 1] [[0.04346652655713834, 0.7269386846644876, 0.6840219816290858], [0.6461565393824209, 0.05943149064116726, 0.890904013304912]]
221: [0, 1] [[0.019690264618273168, 0.6596739239599352, 0.7162803052192656], [0.8107924451207136, 0.25492171788360074, 1.0658963441108904]]
222: [0, 1] [[0.0001407770866279634, 0.8117675168663304, 0.7106822823065717], [0.8024560914785467, 0.11986610479229731, 1.0107156490838238]]
223: [0, 1] [[1.0477002627684584e-05, 0.8031854313308809, 0.7109222477752923], [0.8100325374031551, 0.08246187642852065, 0.9473919641147381]]
224: [0, 1] [[0.13292094656191733, 0.6676147270942407, 0.7572051256308643], [0.814485207099342, 0.14087889969238165, 1.0976812887659149]]
225: [0, 1] [[0.05375280576548902, 0.9088747719986676, 0.8302914935813956], [0.924177255499579, 0.045291894344464234, 1.1740303550066056]]
226: [0, 1] [[0.16409871172209944, 1.0197751526326588, 0.7251177118625587], [1.0078316503174722, 0.0939046011024871, 1.1805818435685114]]
227: [0, 1] [[0.005485925997701591, 1.0180608758889116, 0.7505320304699638], [0.9687440944458843, 0.042796327573275006, 1.11575140746053]]
228: [0, 1] [[0.0, 0.9687440944458843, 0.7505320304699638], [0.9908124415623999, 0.03064255575834629, 1.1533608317871518]]
229: [1] [[1.0720431715978787, 0.10213142021545818, 1.255787793668417]]
230: [0, 1] [[0.058819194071699554, 1.014449937367843, 0.7018297311689032], [0.994427248858409, 0.014233288694349477, 1.251989897314429]]
231: [0, 1] [[0.04479119285815403, 1.015922225583153, 0.6768320403921193], [0.9570768470952722, 0.09430956384505862, 1.1716596243947923]]
232: [0, 1] [[0.013060683736901724, 0.9734209173976142, 0.6699087402481274], [0.981892702402269, 0.061159322741837774, 1.094073852749309]]
233: [0, 1] [[9.719714182288008e-06, 0.982208426171773, 0.6700695733749915], [0.9719151414281388, 0.09406715506666607, 1.0987252338604296]]
234: [0, 1] [[0.18599979871923844, 0.940599077833452, 0.7662796687954878], [0.9762555631566384, 0.1768139334968516, 1.1370497178905465]]
235: [0, 1] [[0.010424454560574059, 0.9613550772721237, 0.7544755119083214], [1.0044687530749072, 0.05994771977084257, 1.2186528837599715]]
236: [0, 1] [[0.029507319336103732, 0.983751065052752, 0.8422638974455281], [0.9867428519004653, 0.07289238520363539, 1.3134382975366181]]
237: [0, 1] [[0.005932964218512193, 0.9823935437877157, 0.8562990804700676], [1.0185082093903655, 0.029745992554205847, 1.342608631615466]]
238: [0, 1] [[3.7973765010246296e-07, 1.0186309519078762, 0.856368612565534], [0.9512693656795038, 0.036216803760027005, 1.2978457559085341]]
239: [0, 1] [[0.011103857459878963, 0.9915074494414868, 0.7795280940799204], [1.0017001405340185, 0.032476496960688106, 1.2010227471031554]]
240: [0, 1] [[0.01772105507940802, 0.979923834566424, 0.7984625268646304], [1.0941331729535841, 0.04205411588243779, 1.2707567549948116]]
241: [0, 1] [[0.18943155867242867, 0.8571784673930438, 0.9483148959521727], [0.8437854010871185, 0.0586494348012363, 1.2955866075331333]]
242: [0, 1] [[0.004462899137040344, 0.8425543071090107, 0.9401742166037571], [0.8277771918522634, 0.015634793421326787, 1.3002649039251182]]
243: [0, 1] [[0.0, 0.8277771918522634, 0.9401742166037571], [0.7805670676535014, 0.016629017377213895, 1.2737324031123543]]
244: [0, 1] [[0.09870374178864927, 0.8725278742046015, 0.9045457515550324], [0.9034890328799502, 0.021395419248594783, 1.263875742096813]]
245: [0, 1] [[0.15595971255102536, 0.8424438023760625, 1.0186041490484372], [0.801193786654679, 0.038768720654867916, 1.3143846516038122]]
246: [0, 1] [[0.04833957188535498, 0.7599773955414126, 1.016403446736917], [0.6895628001624555, 0.035612286284888106, 1.2589441662146768]]
247: [0, 1] [[0.023059018333007497, 0.7579215452050166, 1.0004707111758768], [0.8191034279844825, 0.022459297867691408, 1.260141158291831]]
248: [0, 1] [[6.122757397530876e-06, 0.8186935917148372, 1.000301835481631], [0.81608071871193, 0.02157797433730857, 1.2536014209280797]]
249: [0, 1] [[0.1260027920264547, 0.7067251796479139, 1.0022236890501948], [0.7238037055448594, 0.04933982731143405, 1.303845331323628]]
250: [0, 1] [[0.014412150568085313, 0.6858182466827347, 0.9962358790965286], [0.6694295090630511, 0.024796849768313756, 1.289523258316013]]
251: [0, 1] [[0.25694277511894037, 0.9121711205702087, 0.9241969540872604], [0.8611885809401478, 0.04362973395361447, 1.2828829748496293]]
252: [0, 1] [[0.11825034500142984, 0.6573380009857471, 1.0687070922183055], [0.6893675839693015, 0.012890916483552228, 1.2932208856885046]]
253: [0, 1] [[0.0004952300126299658, 0.6892945086039519, 1.0728010800307606], [0.7077202375595674, 0.01249242068035683, 1.2747087456233184]]
254: [0, 1] [[0.06453109733623508, 0.7150571460749162, 1.0468633862079506], [0.7543018301717725, 0.04700883186702187, 1.3075208275877772]]
255: [0, 1] [[0.01026860195063728, 0.7756062380154749, 1.0284644057853871], [0.7492313216068431, 0.03882655988244421, 1.2504912940811752]]
256: [0, 1] [[0.1382603737560154, 0.7864414049296713, 0.9331859619545219], [0.89483212402601, 0.2082033327719286, 1.3135866166395938]]
257: [0, 1] [[0.13380560926048013, 0.9384644330092828, 0.8958298802576103], [0.9561734288232299, 0.004069535325479601, 1.3084538196187439]]
258: [0, 1] [[1.4875373035572181e-06, 0.9559000726194142, 0.8959108005585804], [0.9559000726194142, 0.0, 1.3084538196187439]]
259: [0, 1] [[0.43809160978781836, 1.0752188659027035, 0.7853412844596334], [1.1162693421744363, 0.06981672765090885, 1.3315712497656977]]
260: [0, 1] [[0.34932242873509567, 1.095260946874811, 0.7993810869079796], [1.0304377468437453, 0.02863445098776074, 1.2645248685438002]]
261: [0, 1] [[0.3537051919173979, 0.9913500350748787, 0.8334535725717358], [1.0623167521487606, 0.03953943251451597, 1.302953173113446]]
262: [0, 1] [[0.0008137051901626613, 1.0752020811420742, 0.8125088047402397], [1.0936558167694492, 0.004759265213609032, 1.3073848683037463]]
263: [0, 1] [[0.00030901300149199784, 1.0972696338584382, 0.8060764921125336], [1.0877560505116153, 0.007814677587008045, 1.3317141485192914]]
264: [1, 0] [[1.145385371057419, 0.03344485177545142, 1.3222493879205723], [0.06049013166849759, 1.2416634468969172, 0.7379994196077366]]
265: [1, 0] [[1.219371317513344, 0.019751564071009198, 1.3029486265456622], [0.0015454917086401565, 1.227864023179153, 0.7291764199306447]]
266: [0, 1] [[0.018673799297721505, 1.1829643795850722, 0.7813754821940976], [1.1629451647845683, 0.013679017344524924, 1.2519485668919257]]
267: [0, 1] [[0.04848419071600696, 1.1662362122153496, 0.7606209832006967], [1.1859710396998127, 0.015408308499501144, 1.242474515064611]]
268: [1, 0] [[1.2117027440635744, 0.006437483336105609, 1.268474370159033], [0.0, 1.2117027440635744, 0.7606209832006967]]
269: [0, 1] [[0.04637954145180068, 1.1370146109402999, 0.8538226630665244], [1.1123550809619167, 0.02517968649034974, 1.275343130309853]]
270: [0, 1] [[0.003351257056366408, 1.093290280791592, 0.862319248634004], [1.0825655248627635, 0.010987153024956786, 1.2722491766387904]]
271: [0, 1] [[0.13069187782744707, 1.0503192389946379, 0.891208225207437], [1.1142621467460676, 0.03966816882890756, 1.3313482117556537]]
272: [1, 0] [[1.091834061067388, 0.029072697820403892, 1.3165529661745423], [5.9545971180519075e-06, 1.0923640362634903, 0.8912643699648859]]
273: [1, 0] [[1.0810556013921333, 0.02387178180759264, 1.2899416407754454], [0.0, 1.0810556013921333, 0.8912643699648859]]
274: [0, 1] [[0.04137055653717259, 1.174384166590841, 0.7938499641418206], [1.1246144959306597, 0.02901254153100785, 1.292429314917105]]
275: [0, 1] [[0.035588270703765135, 1.116027819600885, 0.8264539612601094], [1.1323407917107071, 0.009142935786755513, 1.3106957128648307]]
276: [0, 1] [[0.03647605614614391, 1.0787909209970168, 0.8624684306056899], [1.0624455364906056, 0.0658614076137044, 1.2498469297536698]]
277: [0, 1] [[0.0007190570167544541, 1.0639920143611692, 0.8559171104158317], [1.0138539230342651, 0.028602387330471823, 1.2590968127823041]]
278: [0, 1] [[0.0, 1.0138539230342651, 0.8559171104158317], [1.032638727475846, 0.014814712509652272, 1.2561960296936387]]
279: [0, 1] [[0.015284890302164178, 1.0624233206888563, 0.8232395600115258], [1.0015628069128826, 0.037501784877047695, 1.3259049845434956]]
280: [1, 0] [[1.0578685717005805, 0.02723838231824849, 1.3206644172859552], [1.07721989661691e-05, 1.0581944445373253, 0.8229869722347698]]
281: [0, 1] [[0.009961493033957547, 1.0459089129044503, 0.8189271895883823], [0.9841286663050665, 0.026765432069491335, 1.2939212676521203]]
282: [0, 1] [[0.0002410400699708326, 0.9823238078196813, 0.8212019281475251], [1.0070181201727695, 0.03958877067045452, 1.2740018408057805]]
283: [0, 1] [[0.0, 1.0070181201727695, 0.8212019281475251], [0.9975585366756892, 0.007824755226942925, 1.273643253693436]]
284: [0, 1] [[0.0589402430442405, 0.9107538761518555, 0.9347262995873534], [0.8984655029431516, 0.04324834889612883, 1.2873687669216927]]
285: [0, 1] [[0.0, 0.8984655029431516, 0.9347262995873534], [0.9476193139476989, 0.025562196526805803, 1.2620222446227778]]
286: [0, 1] [[0.007511014279385053, 0.9436954286352682, 0.9301908323062181], [0.9629517291427555, 0.028761418921077975, 1.254705110367031]]
287: [0, 1] [[0.008576025796150799, 0.9542111859122433, 0.9566499983296776], [0.8547615443735637, 0.02605955621137246, 1.292696172454478]]
288: [0, 1] [[0.006131607034348341, 0.8691229851541771, 0.9303747825588019], [0.8964215832239902, 0.01315643894340246, 1.301600775496925]]
289: [0, 1] [[0.0029876041663738917, 0.892468560899865, 0.9415810053846992], [0.9830986520396316, 0.048043529163773635, 1.2836756481708043]]
290: [0, 1] [[0.00010341393856105885, 0.9816786556462976, 0.9439182701189296], [1.027787228126816, 0.022065502555507543, 1.2619148787402978]]
291: [0, 1] [[0.008693481013533177, 1.0322563075888649, 0.9508027174254515], [0.954274464509487, 0.03240381811192872, 1.2569676583001865]]
292: [0, 1] [[0.03306583352713377, 0.9804134480826052, 0.919460062056055], [0.9803725563852597, 0.015116457022749996, 1.2901854700989344]]
293: [1, 0] [[1.0257624307888447, 0.014054006223419346, 1.3127969342106356], [3.4753523238229e-05, 1.0244344947264623, 0.9198814154561674]]
294: [0, 1] [[0.03305696008987291, 0.9714389857436803, 0.959273281995804], [0.9553182288264305, 0.026282983336405996, 1.2819970925404423]]
295: [0, 1] [[0.08028032558323539, 0.9180010101682224, 0.8804876639090689], [0.943774196423879, 0.03361872404790445, 1.2492323719422276]]
296: [0, 1] [[0.05115580444411527, 0.9628461705988848, 0.8414554688181292], [0.9429639659936451, 0.022747075443094178, 1.3018228028815244]]
297: [0, 1] [[8.465493974507687e-05, 0.9431861011283685, 0.8404613649757082], [0.8861248090283823, 0.04029225960840854, 1.2083219923686133]]
298: [0, 1] [[3.086658738216119e-05, 0.8875695480081551, 0.8389293800641922], [0.9436158190754416, 0.031284979764620746, 1.2380666472970554]]
299: [0, 1] [[0.08540494473347571, 0.9358388161445468, 0.887742965615097], [0.9235822383658491, 0.023148486157532067, 1.2590822928471082]]
300: [0, 1] [[0.04884192038443369, 0.9288134855623064, 0.8538575700998956], [0.8937615665784169, 0.010071415438058118, 1.2795354336196518]]
301: [0, 1] [[0.05644663263916472, 0.8572268602897121, 0.8463988832703273], [0.8200391952241425, 0.05116977368180975, 1.2263701134874907]]
302: [0, 1] [[0.0006989903775063144, 0.8115707694843975, 0.8505664077677764], [0.8584848641020552, 0.026291363408351143, 1.216242335268838]]
303: [0, 1] [[0.010860748010592447, 0.8622626770273762, 0.8433287902075134], [0.8119933273469673, 0.0412815593135758, 1.2827625350882248]]
304: [0, 1] [[0.023254312013479828, 0.8128448233202029, 0.8421591809126554], [0.8082242806307276, 0.03207219009484663, 1.2495455433170348]]
305: [0, 1] [[0.011020931720885807, 0.8180633234903619, 0.8252403514510955], [0.7822749024820287, 0.021202462618716167, 1.2457129549328205]]
306: [0, 1] [[0.01892370513636976, 0.7421436632706551, 0.8459941125313593], [0.7996666827988224, 0.042525102334731946, 1.2550854181262567]]
307: [0, 1] [[0.006925374912881588, 0.82441550959759, 0.8178665314626274], [0.8151273591734323, 0.013083973350241695, 1.2556229897275237]]
308: [0, 1] [[0.0006103319529429108, 0.8102931975672978, 0.8169016919263629], [0.8146692995656706, 0.020366837297780438, 1.2928636400204567]]
309: [0, 1] [[0.020773852266478654, 0.8282862020437514, 0.836690334582356], [0.8540133380191854, 0.033874802698612316, 1.2489679931056608]]
310: [0, 1] [[0.00866235530258641, 0.8606929911356914, 0.8318272767985035], [0.8327994033874089, 0.01398543314375178, 1.2654895792441865]]
311: [0, 1] [[0.025322336135531365, 0.8064991316110574, 0.8648376490248568], [0.7885008656826529, 0.02000117609041152, 1.270779096724752]]
312: [0, 1] [[0.005881935350863565, 0.829158172599702, 0.8501411442824309], [0.8248000864873062, 0.024676141066960144, 1.271028212997049]]
313: [0, 1] [[0.003644004063352746, 0.8231057813127169, 0.8754092542681473], [0.7875831193081545, 0.0077013973310251505, 1.2642568547067115]]
314: [0, 1] [[0.017109280099906643, 0.7413153363679768, 0.8700567939381455], [0.7966786560299841, 0.029727215420583653, 1.2436277008353445]]
315: [0, 1] [[0.2489052931336747, 0.7578048059642992, 0.7758849007262173], [0.7598547901154593, 0.017646595629901674, 1.250291766486927]]
316: [0, 1] [[0.2792158026351905, 0.7977920280409099, 0.861229320730942], [0.7751918463974733, 0.01173712080564182, 1.2241118229297192]]
317: [0, 1] [[0.2501203329138809, 0.7348110649903318, 0.8236585986293614], [0.7769226313412483, 0.029322363570427168, 1.237193097945434]]
318: [0, 1] [[0.20439557481313408, 0.7809156355231996, 0.8739789465960096], [0.8353352556611268, 0.025282363892829007, 1.2692879398899652]]
319: [0, 1] [[0.034363754023619575, 0.8153241626564905, 0.8653564996902005], [0.7773383628377204, 0.0250914209957539, 1.2283752866451831]]
320: [0, 1] [[0.004697270554957722, 0.7924108658514867, 0.8536467983213643], [0.7593484782630954, 0.007735357666192266, 1.2368305216067723]]
321: [0, 1] [[0.06995840760239869, 0.7411388819909073, 0.9117929138474277], [0.7411703420415575, 0.01438790257483713, 1.2454752416450812]]
322: [0, 1] [[0.019353092551256723, 0.701085897043621, 0.9500485877996762], [0.7307367997640997, 0.015860792278289515, 1.2771498777246972]]
323: [0, 1] [[0.013832902499741895, 0.7830545877328448, 0.9079815694550678], [0.7610582764204734, 0.019814413667745057, 1.2083906740106016]]
324: [0, 1] [[0.02395874442635937, 0.7461085720492058, 0.9471408314617384], [0.7337517798175052, 0.011071703089092222, 1.2265205267165802]]
325: [0, 1] [[0.0020917473864747738, 0.7394594869119624, 0.95681579289223], [0.7480812406252498, 0.018711862865110396, 1.2659800871019447]]
326: [0, 1] [[0.028994697881168596, 0.7359145054030141, 0.9859785974351053], [0.7405437059463569, 0.020061495007557384, 1.234858287563248]]
327: [0, 1] [[0.02268394423338771, 0.7485058529858584, 0.9387544293815683], [0.7671221148310168, 0.007642537381841175, 1.2114768946563526]]
328: [0, 1] [[0.010051996283839015, 0.7580000510985685, 0.9169258529098895], [0.7690015470184558, 0.02079919461571833, 1.2104639388241325]]
329: [0, 1] [[0.08231610481663498, 0.789393902586461, 0.9051978065663129], [0.7952416967745586, 0.04058002267117122, 1.2170178528544415]]
330: [0, 1] [[0.07995406769715419, 0.6946012296421096, 0.9531160702465207], [0.70579421007439, 0.01035871271979949, 1.2222762771068643]]
331: [0, 1] [[0.02090712963807484, 0.7134867074794587, 0.9975680148276334], [0.7653003913300884, 0.018823050780279682, 1.2639985320277676]]
332: [0, 1] [[0.0052981613107589975, 0.7426015940546653, 0.9677917365984389], [0.7761451135330151, 0.014786288055834929, 1.2467099476721857]]
333: [0, 1] [[0.01617631635202077, 0.7389527768219708, 1.00917803282372], [0.7527969986709104, 0.008561403856081395, 1.2464521681730576]]
334: [0, 1] [[0.06134173860670056, 0.8358183414443537, 0.9558925772839872], [0.7851574673482793, 0.02625110142811571, 1.2303672972344848]]
335: [0, 1] [[0.028689121626292557, 0.7745671021614717, 0.9912963376529544], [0.7693675056866761, 0.018103166408053095, 1.201484228307039]]
336: [0, 1] [[0.11284308159160705, 0.8243246874012108, 0.8385839340092941], [0.8253404204959585, 0.0191341589532259, 1.263244376506212]]
337: [0, 1] [[0.14707164336871859, 0.9531529402558361, 0.9447075147667289], [0.9529415957405536, 0.012893536715609666, 1.3180443314605712]]
338: [0, 1] [[0.07987863437962606, 0.8529032555196862, 0.8879302842312264], [0.8455066936430378, 0.012215729351226945, 1.2903677452779307]]
339: [0, 1] [[0.019576249560476877, 0.7781242277715429, 0.923653732511541], [0.777772152070235, 0.03400501114281629, 1.264306840249119]]
340: [0, 1] [[0.007672927827345188, 0.7941996746192312, 0.9340868801609938], [0.7937003487257503, 0.013344789352905728, 1.2401661235133163]]
341: [0, 1] [[0.20174572874216679, 1.0309928323092414, 0.8188145804572371], [1.1066824409035099, 0.05454139851480111, 1.2532885732408763]]
342: [0, 1] [[0.008187203101654106, 1.130851259520205, 0.7781230233534212], [1.0508259605345343, 0.023567963874445708, 1.2180137032403493]]
343: [0, 1] [[0.06678129826083967, 0.9716710680412649, 0.877203175021074], [1.033173744625193, 0.07802977481830375, 1.2797738611145024]]
344: [0, 1] [[0.009094762971934789, 0.9955356366300911, 0.9236313300370934], [0.9900857328487831, 0.08342836089789574, 1.3117082481904625]]
345: [0, 1] [[0.04892566093730055, 0.9810889308188641, 0.9259868811668546], [0.9395436118607073, 0.04733567884237733, 1.3007349743301684]]
346: [0, 1] [[0.058142231455870164, 0.8342079900496862, 0.9959313767069621], [0.7912313296311156, 0.03569318878914052, 1.318478229292304]]
347: [0, 1] [[0.03907442667245675, 0.8364616229112234, 0.9721913715309194], [0.9056683726494545, 0.02879806103809268, 1.3354213493436904]]
348: [0, 1] [[0.006795603393795591, 0.9343034582088419, 0.9571471635168751], [0.8808398441340789, 0.021205224227104136, 1.325969392929779]]
349: [0, 1] [[0.020921013033480484, 0.9415878088046187, 0.9085642378956514], [0.9740520388138638, 0.03919978483956432, 1.2874042427374688]]
350: [0, 1] [[0.030401581585705495, 0.9110313666207634, 0.9773792283273834], [0.8954885301845287, 0.006112084580989108, 1.2613010442711623]]
351: [0, 1] [[0.1672468328669363, 0.8062341212225476, 0.9257188827930327], [0.8156625163378455, 0.01881122546567371, 1.2758990570919597]]
352: [0, 1] [[0.23175491684246652, 0.9441441589689017, 0.9091438848264219], [0.8993231603428609, 0.014718007344360129, 1.2877038743981815]]
353: [0, 1] [[0.09978055960862098, 1.0432650577316545, 0.7718646823003203], [1.0232161156848205, 0.012465632171095198, 1.265503842518013]]
354: [0, 1] [[0.38691243219629756, 0.7691459827568286, 0.9839964950606797], [0.8336569918037575, 0.05777254557292588, 1.3586060622441813]]
355: [0, 1] [[0.016269194148264332, 0.8571317982342621, 0.944249141665644], [0.8675214765850403, 0.01891671328845279, 1.3671416899911326]]
356: [0, 1] [[0.28409730642919395, 0.9154270672577896, 0.9786382207502862], [0.8198689420823012, 0.05290126169010134, 1.3276243423206735]]
357: [0, 1] [[0.03882567026685246, 0.908840589361676, 0.8965047022774003], [0.8878142561650858, 0.00419084720949825, 1.3132298716283408]]
358: [0, 1] [[0.1525530221674558, 0.7847439727826886, 0.9485956248741954], [0.8498350179493769, 0.026270652896931646, 1.3022766835153918]]
359: [0, 1] [[0.24837372847183803, 1.0407280173721922, 0.7658192853429489], [1.0223579988306957, 0.062434924755231935, 1.3373582824025727]]
360: [0, 1] [[0.01208403848510009, 1.0117307186911613, 0.7567939357018104], [1.0313825741269216, 0.04069634299800784, 1.3014736133169214]]
361: [0, 1] [[0.011278669189900503, 1.000704094893101, 0.7822102060755114], [0.9758228907640524, 0.04313421585921007, 1.3331735346932936]]
362: [0, 1] [[0.060330558794233546, 0.8616313453463028, 0.9103435599279179], [0.9072691856242368, 0.016464396697592476, 1.2988719976670928]]
363: [0, 1] [[0.05009724575981456, 0.8658158220536303, 0.9489583899618038], [0.8306632115138445, 0.015516060597775994, 1.3054813484232746]]
364: [0, 1] [[0.1757778138176772, 1.051701805256247, 0.6753325994155712], [1.0157130794650169, 0.03546233405807553, 1.275405330765805]]
365: [0, 1] [[0.019539109389600573, 0.9295657265177205, 0.7662014539836337], [0.9658743665447213, 0.01787398182360067, 1.2893857317460238]]
366: [0, 1] [[0.1308187975868268, 0.7240344103427441, 1.0016217343376272], [0.7815997624066164, 0.04380745229431593, 1.2426366582442947]]
367: [0, 1] [[0.07304613591902887, 0.7824943255247319, 0.9522179857365951], [0.7128189310409567, 0.03032692373166057, 1.252397353034481]]
368: [0, 1] [[0.13392526871116717, 0.7508423508933518, 0.9745182318258117], [0.7694998443656789, 0.02529248528486261, 1.2772118181923777]]
369: [0, 1] [[0.14255665259020345, 0.7690536307472837, 0.9924280939004754], [0.7618441524107864, 0.04317429611084567, 1.2596909125570508]]
370: [0, 1] [[0.050294329323814946, 0.7408413439169568, 1.000941330684596], [0.7176579606982096, 0.009772408808108257, 1.2679884403124864]]
371: [0, 1] [[0.12009959180244656, 0.7471578329438731, 1.039888539675109], [0.7325826611503454, 0.025141836862926592, 1.3104214880847689]]
372: [0, 1] [[0.031232178054869886, 0.7259087702222751, 1.0082529529377267], [0.7053536558853998, 0.008092659564710392, 1.308316290340313]]
373: [0, 1] [[0.11192797734776805, 0.8329594978405008, 0.9312934696016872], [0.8503830567253423, 0.0062077220591360005, 1.3025564342217384]]
374: [0, 1] [[0.19358523627744317, 0.6461088207095831, 1.0431867848865954], [0.5866065384768793, 0.04084292184545757, 1.254869347388332]]
375: [0, 1] [[0.034113461781283494, 0.6355481226600651, 1.033662202880409], [0.6993648176358748, 0.042872765068919794, 1.3348568189041572]]
376: [0, 1] [[0.0168877086740562, 0.7420709108348433, 0.9832393127924733], [0.7044861811685258, 0.02980938914515907, 1.2793152280274986]]
377: [0, 1] [[0.030184884264524037, 0.6618777282849839, 1.0187357513068898], [0.6758690125203618, 0.01148192721745267, 1.2764649531223973]]
378: [0, 1] [[0.038122887391021765, 0.7696732119613537, 0.943825949507942], [0.7871016787026724, 0.008536029452974159, 1.2609799975855116]]
379: [0, 1] [[0.06155696405889055, 0.7198591690658035, 1.0478879076301768], [0.681485231447122, 0.03670771327240452, 1.2386053970332844]]
380: [0, 1] [[0.030398195714032017, 0.7466660790864272, 0.9498740542912866], [0.7625625700944891, 0.03363914845576921, 1.2888478276815865]]
381: [0, 1] [[0.041567837005517805, 0.6757573552813922, 1.0823206666551575], [0.6656945259385767, 0.05821407552842406, 1.2482514005082892]]
382: [0, 1] [[0.08165385776580014, 0.8073658017995609, 0.9041944382246139], [0.8448173151866802, 0.018260709125110353, 1.2310618144628205]]
383: [0, 1] [[0.037691777403332405, 0.7541979843042146, 1.0303274318044053], [0.7256852884753231, 0.018068934835704598, 1.240358612369367]]
384: [0, 1] [[0.07353747976472047, 0.7194271839456472, 0.9826226994314337], [0.8099934466779679, 0.2127870122662745, 1.128969873562719]]
385: [0, 1] [[0.2555071602054152, 0.893129445668203, 0.8967342307461073], [0.86925085412261, 0.012346286360439995, 1.1369533720640428]]
386: [0, 1] [[0.016945384859380908, 0.8398592910230035, 0.8648902280467534], [0.8642439328974734, 0.030054006072745665, 1.152727953362143]]
387: [0, 1] [[0.008424099931890083, 0.8687403792013877, 0.855954595063879], [0.8333352522507063, 0.026362472296986184, 1.1368301760979702]]
388: [0, 1] [[1.0201349358585077e-06, 0.8336239095666248, 0.8554486431980693], [0.8350375419899718, 0.0017611120018828919, 1.145206937422435]]
389: [0, 1] [[0.00885944346248757, 0.844431193486722, 0.8794226002880816], [0.8523995056850286, 0.010056649313819443, 1.1612792849728306]]
390: [0, 1] [[0.00791079052217225, 0.8447834785463446, 0.8979141270795155], [0.8232263978277305, 0.008726377399853602, 1.1704591712098042]]
391: [0, 1] [[0.0031816325862051853, 0.8480154051463052, 0.8717629392387645], [0.8447937449102445, 0.03207890540169189, 1.1798385394664046]]
392: [0, 1] [[0.002888643864181528, 0.8290757506120905, 0.88883047200563], [0.8391954379963231, 0.0376261634300048, 1.181448563133823]]
393: [0, 1] [[4.0802954127561186e-05, 0.8374180981011872, 0.891367341346713], [0.8317672300103449, 0.0003921736043523971, 1.175746445289383]]
394: [0, 1] [[0.008840527894191874, 0.8393875823926661, 0.8634288781332375], [0.8708110349239798, 0.012634157883690378, 1.1772044348010666]]
395: [0, 1] [[0.003759437812896005, 0.8685435788405567, 0.8493859409182405], [0.892269597922011, 0.010318061860758898, 1.1790199613739427]]
396: [0, 1] [[0.01185332208099732, 0.9169248826484366, 0.8510231957590795], [0.8952450129459116, 0.02561613558498066, 1.1473349794437278]]
397: [0, 1] [[0.002203574936559649, 0.8944199735753088, 0.8545638549551857], [0.8935186634777885, 0.009033191912983463, 1.1705429726353993]]
398: [0, 1] [[0.004668656608815991, 0.871075793128125, 0.876807824016419], [0.8587818831717278, 0.0023262187548648283, 1.1639534220727734]]
399: [0, 1] [[0.004598756526551173, 0.8852294923732934, 0.8483288739951669], [0.9045772265137801, 0.01534080787009895, 1.1826099922684348]]
400: [0, 1] [[0.009746339262307502, 0.8892293439598251, 0.8627828169063478], [0.8919069431972375, 0.005502761176656712, 1.1609717140690055]]
401: [0, 1] [[0.0033021513901586586, 0.8888478173755443, 0.8753956614080006], [0.9365797015891133, 0.02481246828100936, 1.1700264888525134]]
402: [0, 1] [[0.021036952938542797, 0.966953880773785, 0.830902649153243], [0.9910900727458506, 0.011275649468945104, 1.1924696783851143]]
403: [0, 1] [[0.011323408782559996, 0.9779681536731984, 0.8514531432767948], [0.971370722898999, 0.013505786750745763, 1.158188323345217]]
404: [0, 1] [[0.09978128276228992, 0.9821982790592023, 0.8926629502014467], [1.0027635980520793, 0.05003448765754592, 1.218464731811616]]
405: [0, 1] [[0.01154524303373694, 0.9484610460741414, 0.9427505547699796], [0.9212602680801267, 0.01604134438711391, 1.1751816828947068]]
406: [0, 1] [[0.0009729074722727438, 0.9315353567679481, 0.9308491472107541], [0.9593447914416628, 0.014856862613927047, 1.1941966452552744]]
407: [0, 1] [[0.010498630741541448, 0.9602589660836177, 0.9245757772309027], [0.9214625530661655, 0.023866164223990793, 1.1892563482436895]]
408: [0, 1] [[0.05629941036996955, 0.9885972881939292, 0.8629567684718118], [0.9609018186400009, 0.009506997837909426, 1.2055718388224057]]
409: [0, 1] [[0.03344022344813613, 0.9006061852481501, 0.923532885039047], [0.9806026762207586, 0.0489833787000713, 1.1834897294330897]]
410: [0, 1] [[0.1296074094359242, 0.8600669713922904, 1.0058207466278581], [0.8226063321764034, 0.009913054214564343, 1.1873523164231514]]
411: [0, 1] [[0.005179521443210877, 0.8063962576787786, 1.0312163235688403], [0.8471342084287903, 0.05335798547520443, 1.2105749306575464]]
412: [0, 1] [[0.003935662970983356, 0.8623910933256347, 1.0181900496878231], [0.7717588761576135, 0.03914630959145182, 1.1771624584992413]]
413: [0, 1] [[0.0007222322675342063, 0.7789415450516417, 1.0197499568020418], [0.7855904797800892, 0.001988505701184695, 1.164285348726116]]
414: [0, 1] [[0.0026367783367675646, 0.7738965374877864, 1.0156443866811304], [0.8452487563734897, 0.033714820118639466, 1.1848927962980702]]
415: [0, 1] [[0.004613023052005394, 0.8376887944986735, 1.0124987733793738], [0.79437493222017, 0.027997991444683845, 1.1520207815911017]]
416: [0, 1] [[0.0016043077226192137, 0.8046017744116752, 1.00907125054388], [0.7732627535983408, 0.013116786453816198, 1.1740966578447571]]
417: [0, 1] [[9.449245483672541e-05, 0.771205288365382, 1.0084498544710552], [0.7780219049548884, 0.0010117178552773165, 1.1775591431956682]]
418: [0, 1] [[0.00045210601700929054, 0.7782633592515246, 1.0079642862224194], [0.783334401050617, 0.018588266800319775, 1.1925591545793033]]
419: [0, 1] [[0.0010737152666845384, 0.7748777969174697, 1.0145447798636529], [0.7815112071792637, 0.02066355706406442, 1.183157850745989]]
420: [0, 1] [[0.0049013823577106486, 0.79685971061709, 1.0095081213385348], [0.78086492663927, 0.017809825310070027, 1.163352382746201]]
421: [0, 1] [[0.013462961866353207, 0.7524847942255564, 1.0451558412669897], [0.7871602001916551, 0.016781636156906976, 1.1806990656456842]]
422: [0, 1] [[0.0010444564157647829, 0.7957729786453142, 1.0367045130495045], [0.746443797710479, 0.018932969920790854, 1.140817730147958]]
423: [0, 1] [[0.006072856064789134, 0.7482159185748589, 1.0119243265811841], [0.7675572824275401, 0.018767853942707746, 1.1441761007834494]]
424: [0, 1] [[0.024244151022463134, 0.7668649141851892, 1.0246167238806003], [0.8121823074871728, 0.01913967436581776, 1.155266921381123]]
425: [0, 1] [[0.028002601178621966, 0.821044939375998, 1.0209601257270078], [0.8297066692616375, 0.008209115183214655, 1.1413758292263756]]
426: [0, 1] [[0.005696592412188339, 0.8140503070114027, 1.0380552983750009], [0.7742645837432288, 0.026273416309419262, 1.1486342828920018]]
427: [0, 1] [[0.0010734217117206457, 0.7782618322824966, 1.030895315312451], [0.801214082229189, 0.021413235038698075, 1.15445103388122]]
428: [0, 1] [[0.0013274322811315242, 0.8052254677948945, 1.034018152912182], [0.7848150626710321, 0.004732403918624284, 1.1512512682043003]]
429: [0, 1] [[0.008010801270719403, 0.7734329113645089, 1.0440090978115342], [0.7824046186736003, 0.029771893759288348, 1.1620404261728365]]
430: [0, 1] [[0.012434833736617357, 0.8238619743664245, 1.0087845813356586], [0.833662296792755, 0.009330724114127942, 1.1529545141741553]]
431: [0, 1] [[0.015007301819610186, 0.8022567097780188, 1.0539857515424225], [0.7141853593288383, 0.04307937467824452, 1.1294937459994683]]
432: [0, 1] [[0.008251424097158955, 0.707441839768779, 1.05278446147378], [0.7750364060625896, 0.03137248089656364, 1.124008821168546]]
433: [0, 1] [[0.006969779406834631, 0.7954982732589746, 1.0188865246463368], [0.7251734491670081, 0.040948551182778625, 1.1013331889053228]]
434: [0, 1] [[0.013267103651424361, 0.707653064985267, 1.0151727354036535], [0.7656109255900635, 0.044176936682591705, 1.12744933642848]]
435: [0, 1] [[0.011838077234939126, 0.7954551431869518, 0.9942046178547815], [0.8091406186514348, 0.008443381491014645, 1.1101210656942364]]
436: [0, 1] [[0.02913574197593327, 0.8299576669888438, 0.9467688394257772], [0.8546553026587587, 0.01950434174920912, 1.0996832665991259]]
437: [0, 1] [[0.015425094970551445, 0.8243324931711629, 0.9894946987932698], [0.835982100084667, 0.007392091416796531, 1.1164476804847137]]
438: [0, 1] [[0.012418283713062195, 0.8459900677422025, 0.9744627283380743], [0.8453313023791106, 0.008433076836571685, 1.1370279794523053]]
439: [0, 1] [[0.006844985363849365, 0.903585728656661, 0.9367068430907355], [0.8736619674524387, 0.024452782301989218, 1.161439280397334]]
440: [0, 1] [[0.012220901030058906, 0.9049291962366122, 0.9054143597394833], [0.9425875807081328, 0.013185967542286181, 1.1307293190512329]]
441: [0, 1] [[0.10879944789745755, 0.9985755616508729, 0.8592630430927231], [0.9401341057764011, 0.029982954196461353, 1.166922359591952]]
442: [0, 1] [[0.006333925858130196, 0.9509643779434865, 0.8752844839364542], [0.978747906723167, 0.015711480240576003, 1.1182959649262805]]
443: [0, 1] [[0.007069370099356709, 0.9763483088877377, 0.866652257725244], [0.8981712667541097, 0.039864442389335286, 1.1220385072719545]]
444: [0, 1] [[0.019482936663687278, 0.9325328080838429, 0.8739259375065689], [0.9928504099530716, 0.05251305679657292, 1.0860136345539506]]
445: [0, 1] [[0.011167989906877174, 0.9687147906019025, 0.8873514874162421], [0.9822149692610556, 0.011400168727532245, 1.1312862337271061]]
446: [0, 1] [[0.005415375106861742, 0.9576183297567168, 0.8614546035098956], [0.9548198783584254, 0.04649829470490774, 1.0610290946473255]]
447: [0, 1] [[0.002495129821436959, 0.9567903621219628, 0.8712762276006982], [0.9057416031365446, 0.025956606401839943, 1.1086174377226652]]
448: [0, 1] [[0.018613211397709994, 0.9181757775833591, 0.8322864125629442], [0.9349130047828655, 0.02232106674229062, 1.0938476627001956]]
449: [0, 1] [[0.009258459437814004, 0.9165554057984653, 0.8712321925217883], [0.9112112148117234, 0.02922267742903617, 1.1243712082874384]]
450: [0, 1] [[0.12189266495407924, 0.7712502197473594, 0.9188826715811453], [0.751162280302027, 0.01858031302718477, 1.129112744428612]]
451: [0, 1] [[0.025787779723828508, 0.7919230516049901, 0.8840492916960039], [0.7098181978484025, 0.032136094674465876, 1.135958628419821]]
452: [0, 1] [[0.012915784492124383, 0.697329377903917, 0.9156270849974535], [0.7455234328775616, 0.01884875503090333, 1.1086854152308445]]
453: [0, 1] [[0.023447919388431604, 0.7128645456348428, 0.9402641299716631], [0.6952207934199821, 0.010949476721071494, 1.122131775500652]]
454: [0, 1] [[0.1500267556465028, 0.8238296807016312, 0.9107950369274025], [0.8525937054986072, 0.024694425428600786, 1.1341317883517443]]
455: [0, 1] [[0.1051293246773416, 0.7857606128803716, 0.8310299677788149], [0.7811988758387736, 0.003681736051567075, 1.1397677332624145]]
456: [0, 1] [[0.18500704870743967, 0.8466816055298007, 0.9046902008657587], [0.8472737013007203, 0.023798549083057674, 1.1554692263313011]]
457: [0, 1] [[0.10660203564404958, 0.8070688839206621, 0.9522380334760238], [0.7846504050884291, 0.01055650244884998, 1.1637383366693241]]
458: [0, 1] [[0.034683681290589075, 0.8208914421184401, 0.9122159041959808], [0.8135461464732108, 0.010566955562483438, 1.1671776470697282]]
459: [0, 1] [[0.05153707459798862, 0.8644771709759216, 0.9019155338204887], [0.8576391334484036, 0.014096425391113554, 1.1588019408128079]]
460: [0, 1] [[0.02975756601392765, 0.8251088329006423, 0.9130196310240013], [0.8594579437562999, 0.011706043613808115, 1.1604395209552782]]
461: [0, 1] [[0.05975059183680276, 0.829086659920272, 0.8931674493148805], [0.7770049643065325, 0.014612120039867227, 1.1705143230662953]]
462: [0, 1] [[0.1249427829549613, 0.6902545473049697, 0.8355518891642273], [0.6988220506565292, 0.007176347010751094, 1.1632427631810949]]
463: [0, 1] [[0.07528412980060217, 0.7150698596541347, 0.8950801659611688], [0.744602701435095, 0.006678925391312318, 1.17530811563426]]
464: [0, 1] [[0.06846143498004653, 0.8502112444451132, 0.8296623315520204], [0.7988284950245251, 0.014479156892763578, 1.1405718351566907]]
465: [0, 1] [[0.07187587876747448, 0.7355245009380025, 0.8068666935002153], [0.7658584444906169, 0.006746540170555759, 1.149276541449537]]
466: [0, 1] [[0.049882837063143226, 0.8129393466032176, 0.851272407113937], [0.799678305348705, 0.011864365954290967, 1.166557521306803]]
467: [0, 1] [[0.12347468891467273, 0.8329481406043486, 0.8287734153298981], [0.8424157239167047, 0.019720101499914877, 1.1732348777922614]]
468: [0, 1] [[0.013005995408239546, 0.8502068127365141, 0.8036274430947724], [0.9197690552510166, 0.032319623413685994, 1.1930800387730849]]
469: [0, 1] [[0.08016452270482377, 0.872755446396586, 0.9176977359148624], [0.8273472766407961, 0.04266419922421194, 1.1698294840803525]]
470: [0, 1] [[0.16035259693498738, 0.8997483545950952, 0.8111148512787258], [0.8940815466118957, 0.009858545698325782, 1.1789797786015295]]
471: [0, 1] [[0.15988550059420403, 0.8970364883745147, 0.8420326534176331], [0.8907090554001019, 0.01851644181382739, 1.1345596899335195]]
472: [0, 1] [[0.05345300346225945, 0.946397550325803, 0.8028161414171813], [0.9181152871210388, 0.01908213746613574, 1.139076404477232]]
473: [0, 1] [[0.013296594146771645, 0.9537490497772202, 0.7759934867080087], [1.004775976096211, 0.016209535008531062, 1.1686049399910765]]
474: [0, 1] [[0.07810507886836882, 0.8592832829111242, 0.879513256118637], [0.8287330625150588, 0.028758884434293863, 1.148535072422016]]
475: [0, 1] [[0.010994494763057139, 0.866248706452387, 0.8273511914432718], [0.8801975620974427, 0.00793402398172316, 1.156683496981676]]
476: [0, 1] [[0.3379793980675122, 0.8120798031388582, 0.8004377519825765], [0.8783359109039246, 0.03561488669491175, 1.147208362581948]]
477: [0, 1] [[0.1391582143401907, 0.8614842326194969, 0.9422124796512075], [0.8500648506579358, 0.0167856300091187, 1.1288445899327133]]
478: [0, 1] [[0.006206830703298083, 0.8470618168167156, 0.9535888869677092], [0.8643016872616239, 0.02457254548515142, 1.1583983967585536]]
479: [0, 1] [[0.04034289426124549, 0.8373433398435248, 0.9150797510611869], [0.8208329324749007, 0.020220699361235384, 1.1624320590091197]]
480: [0, 1] [[0.08230212144647309, 0.9029402817662737, 0.8595916979353065], [0.9100166813034964, 0.0036155579480774414, 1.1492576610636416]]
481: [0, 1] [[0.24309423846248934, 0.9990753257578118, 0.8376637268184609], [0.9241506550310615, 0.04823132180990153, 1.2032058618729398]]
482: [0, 1] [[0.08131069003058655, 0.8133583349661495, 0.9000466578298639], [0.8267378243348632, 0.016680708983832893, 1.171163063489836]]
483: [0, 1] [[0.08499780781614974, 0.7578105584488182, 0.9278353315291935], [0.7751808987056509, 0.0109290378743786, 1.1134613837710252]]
484: [0, 1] [[0.06813873948041538, 0.7159298310683924, 0.907690958054733], [0.7742115325146245, 0.06537079442640747, 1.1126632628059376]]
485: [0, 1] [[0.009346109512854306, 0.7692368594055006, 0.9224726297837869], [0.7594599823181365, 0.014113556759900225, 1.1477151388549478]]
486: [0, 1] [[0.062007896093367654, 0.726623113230958, 1.0259895631832585], [0.8452573507796897, 0.0726096525952955, 1.2159756947298523]]
487: [0, 1] [[0.027373184243427162, 0.8809858464490379, 0.9750487757409022], [0.8574585348569652, 0.015100055722853667, 1.2643945824065828]]
488: [0, 1] [[0.03577390428811422, 0.817224760382287, 0.9767565513729138], [0.8704995294785056, 0.022116959409188786, 1.248023470390033]]
489: [0, 1] [[0.02355352998648741, 0.8808101771287874, 0.9725690065279652], [0.7340661466128027, 0.19890358940759245, 1.2316456926563788]]
490: [0, 1] [[0.012150725767163029, 0.7687934057116848, 0.9357926081651535], [0.7813639811014039, 0.00917678484290163, 1.2170016575643439]]
491: [0, 1] [[0.06874018867246745, 0.8152134525840403, 1.0091190976006448], [0.8144091005253571, 0.07313807140658368, 1.1916959087500403]]
492: [0, 1] [[0.10086560549770418, 0.8661408771245568, 0.8874661377979586], [0.8634998282000346, 0.008062677044097244, 1.1606124393745525]]
493: [0, 1] [[0.008499888796539623, 0.8632353451453864, 0.8766213728984698], [0.8522732659306759, 0.005626608987203241, 1.1764975998048401]]
495: [0] [[0.27608228533812973, 0.7802682301358301, 0.8396705383182866]]
